{"keyframes": [{"matrix": "[0.5282151218287221,-0.8457038536091086,-0.07598548547666176,0.0,0.08429243967629509,-0.036819997759279334,0.9957605399937272,0.0,-0.8449163422296772,-0.5323807932535873,0.0518375595134474,0.0,-0.4773661778274467,-0.27893275448760535,-0.035001861307502206,1.0]", "fov": 32, "aspect": 1, "properties": "[[\"FOV\",32],[\"NAME\",\"Camera 0\"],[\"TIME\",0.0]]"}, {"matrix": "[0.45522709078841533,-0.8866178437467177,-0.08171346960552502,0.0,0.09015088821891638,-0.045405133389863656,0.9948925681550218,0.0,-0.8857996913274229,-0.4602685980506742,0.05925973904844634,0.0,-0.47056728065979425,-0.31362751013871154,-0.03853549751479034,1.0]", "fov": 32, "aspect": 1, "properties": "[[\"FOV\",32],[\"NAME\",\"Camera 1\"],[\"TIME\",0.03225806451612903]]"}, {"matrix": "[0.3772032560985788,-0.9220855033344486,-0.08646385689136804,0.0,0.09431834144533259,-0.05462782949911837,0.9940421964417698,0.0,-0.9213151958321455,-0.3831110870713389,0.06636378147301712,0.0,-0.4660302527708076,-0.3439913641479099,-0.04090716647927399,1.0]", "fov": 32, "aspect": 1, "properties": "[[\"FOV\",32],[\"NAME\",\"Camera 2\"],[\"TIME\",0.06451612903225806]]"}, {"matrix": "[0.3631326508929086,-0.9277652352869384,-0.0859440841863799,0.0,0.09264379937422483,-0.05583077242525099,0.9941328109844083,0.0,-0.9271201834635567,-0.3689642909500428,0.06567771745490987,0.0,-0.4650746885639598,-0.373348565781017,-0.0418777886222234,1.0]", "fov": 32, "aspect": 1, "properties": "[[\"FOV\",32],[\"NAME\",\"Camera 3\"],[\"TIME\",0.0967741935483871]]"}, {"matrix": "[0.3611677673102448,-0.9286052656721289,-0.08514760079414821,0.0,0.0914483031062312,-0.05559991629999811,0.9942564323029757,0.0,-0.92800597907253,-0.36687998205525385,0.06483847760072212,0.0,-0.4615567000998609,-0.40035056844753875,-0.041280054640364834,1.0]", "fov": 32, "aspect": 1, "properties": "[[\"FOV\",32],[\"NAME\",\"Camera 4\"],[\"TIME\",0.12903225806451613]]"}, {"matrix": "[0.38602912536203093,-0.9186560088063186,-0.083979770654703,0.0,0.09039772839620326,-0.05292686539466709,0.9944983565376205,0.0,-0.9180466977472499,-0.39149693127805846,0.06261311234613225,0.0,-0.45191017169016534,-0.42550815354141713,-0.04171773439953837,1.0]", "fov": 32, "aspect": 1, "properties": "[[\"FOV\",32],[\"NAME\",\"Camera 5\"],[\"TIME\",0.16129032258064516]]"}, {"matrix": "[0.4589046824503196,-0.8848388526914147,-0.08041553988595786,0.0,0.0873249429431074,-0.0451519409665172,0.9951560840977476,0.0,-0.8841837149460484,-0.4637041017190288,0.05654806172764379,0.0,-0.43746506323155127,-0.4480309868498179,-0.042807435623171845,1.0]", "fov": 32, "aspect": 1, "properties": "[[\"FOV\",32],[\"NAME\",\"Camera 6\"],[\"TIME\",0.1935483870967742]]"}, {"matrix": "[0.6092424124266727,-0.7898827584753872,-0.07006398445982018,0.0,0.07572288711246848,-0.030001411194421297,0.9966774620041474,0.0,-0.7893603365868699,-0.612523606433129,0.04153406938947374,0.0,-0.42407015453156854,-0.46775302457218726,-0.04354650092243725,1.0]", "fov": 32, "aspect": 1, "properties": "[[\"FOV\",32],[\"NAME\",\"Camera 7\"],[\"TIME\",0.22580645161290322]]"}, {"matrix": "[0.7186689234100931,-0.6927370005468748,-0.06025269318893693,0.0,0.06436015614362822,-0.020010534681762136,0.9977260952599557,0.0,-0.692367482032092,-0.7209125929113164,0.030203712567957793,0.0,-0.40854787232739626,-0.48963152996444975,-0.04428858374363644,1.0]", "fov": 32, "aspect": 1, "properties": "[[\"FOV\",32],[\"NAME\",\"Camera 8\"],[\"TIME\",0.25806451612903225]]"}, {"matrix": "[0.804674424234279,-0.5915431246350608,-0.050752583213826655,0.0,0.054457276642890566,-0.01158577188941917,0.9984488606083489,0.0,-0.5912135909110409,-0.8061900871681223,0.0228910546277863,0.0,-0.387717003735776,-0.5059325403755238,-0.046635003656473495,1.0]", "fov": 32, "aspect": 1, "properties": "[[\"FOV\",32],[\"NAME\",\"Camera 9\"],[\"TIME\",0.2903225806451613]]"}, {"matrix": "[0.8483876768095625,-0.5274904516042214,-0.04463367594705762,0.0,0.04861584781810849,-0.00632223743448133,0.9987975468976932,0.0,-0.5271383943494744,-0.8495374090328122,0.020280688413819126,0.0,-0.3619718815109277,-0.5141959438365429,-0.04816564930931502,1.0]", "fov": 32, "aspect": 1, "properties": "[[\"FOV\",32],[\"NAME\",\"Camera 10\"],[\"TIME\",0.3225806451612903]]"}, {"matrix": "[0.9085663651094316,-0.41634381203110704,-0.03413131053463845,0.0,0.037205815735343394,-0.0007294842563698206,0.9993073809668421,0.0,-0.4160803064216296,-0.9092069374540579,0.014827624792756818,0.0,-0.3370269423450536,-0.51610987575802,-0.047879777422355545,1.0]", "fov": 32, "aspect": 1, "properties": "[[\"FOV\",32],[\"NAME\",\"Camera 11\"],[\"TIME\",0.3548387096774194]]"}, {"matrix": "[0.952983079795276,-0.3020886489293383,-0.023784377578016352,0.0,0.022907704560058716,-0.006445081819788539,0.9997167994292252,0.0,-0.30215639512098497,-0.9532580618814479,0.0007781039184557141,0.0,-0.30604208506788816,-0.5157418696521221,-0.04143450024758445,1.0]", "fov": 32, "aspect": 1, "properties": "[[\"FOV\",32],[\"NAME\",\"Camera 12\"],[\"TIME\",0.3870967741935484]]"}, {"matrix": "[0.9763555055565554,-0.21552629391927922,-0.016682222821166857,0.0,0.01552655177434013,-0.007054189566071184,0.9998545788006639,0.0,-0.21561262848957083,-0.9764725570555983,-0.0035410167405266224,0.0,-0.2781256995629901,-0.5109351355196943,-0.03985537448297495,1.0]", "fov": 32, "aspect": 1, "properties": "[[\"FOV\",32],[\"NAME\",\"Camera 13\"],[\"TIME\",0.41935483870967744]]"}, {"matrix": "[0.9917226336226096,-0.12811509134977825,-0.008531778102035259,0.0,0.007771884916541622,-0.006430074601834424,0.9999491517261583,0.0,-0.1281634361197147,-0.9917384863653719,-0.005381154385875891,0.0,-0.25214922204392065,-0.509706606609712,-0.037905015906567606,1.0]", "fov": 32, "aspect": 1, "properties": "[[\"FOV\",32],[\"NAME\",\"Camera 14\"],[\"TIME\",0.45161290322580644]]"}, {"matrix": "[0.9986587913231305,-0.05175672412083293,-0.001347399539043616,0.0,0.001016596758489632,-0.006417287126299992,0.9999788845531572,0.0,-0.05176427759659011,-0.9986391011123709,-0.006356064948578598,0.0,-0.22531033078570692,-0.5135618313810351,-0.03807237535717318,1.0]", "fov": 32, "aspect": 1, "properties": "[[\"FOV\",32],[\"NAME\",\"Camera 15\"],[\"TIME\",0.4838709677419355]]"}, {"matrix": "[0.9999905368189836,-0.0036496767932001793,0.0023706728464911882,0.0,-0.002398795318338953,-0.007720501679411507,0.9999673019122339,0.0,-0.003631254704642941,-0.999963550426913,-0.007729183317025465,0.0,-0.19852491565209418,-0.5199642480402042,-0.043998125935770224,1.0]", "fov": 32, "aspect": 1, "properties": "[[\"FOV\",32],[\"NAME\",\"Camera 16\"],[\"TIME\",0.5161290322580645]]"}, {"matrix": "[0.9997783948988621,0.020690175974741692,0.003875960895755909,0.0,-0.0036968652365087368,-0.008687319624886808,0.9999554459566846,0.0,0.02072292608245648,-0.9997482133024103,-0.00860890584077121,0.0,-0.17258117040698762,-0.5297058184175647,-0.04927715349612907,1.0]", "fov": 32, "aspect": 1, "properties": "[[\"FOV\",32],[\"NAME\",\"Camera 17\"],[\"TIME\",0.5483870967741935]]"}, {"matrix": "[0.9995426213984068,0.030022834604123035,0.0036338434421401165,0.0,-0.003356476211709113,-0.009283778748889446,0.9999512997408999,0.0,0.030055108080129657,-0.9995060809755891,-0.009178762027655218,0.0,-0.14433878414700974,-0.537893578334334,-0.052442504676804065,1.0]", "fov": 32, "aspect": 1, "properties": "[[\"FOV\",32],[\"NAME\",\"Camera 18\"],[\"TIME\",0.5806451612903226]]"}, {"matrix": "[0.9995996414415023,0.028098146339129455,0.003316215158668587,0.0,-0.003048837718878107,-0.009553346446299595,0.9999497419580238,0.0,0.028128412724089075,-0.999559512072752,-0.009463854846035935,0.0,-0.11622396102800134,-0.5529509827610092,-0.056808700429248515,1.0]", "fov": 32, "aspect": 1, "properties": "[[\"FOV\",32],[\"NAME\",\"Camera 19\"],[\"TIME\",0.6129032258064516]]"}, {"matrix": "[0.9999248960831097,0.012212946960220282,0.001050549880751121,0.0,-0.0009394252573839756,-0.009101092055234652,0.9999581283052341,0.0,0.01222199720455959,-0.9998839912252115,-0.009088935658645195,0.0,-0.08643367281410924,-0.5610798664558689,-0.05914929654112169,1.0]", "fov": 32, "aspect": 1, "properties": "[[\"FOV\",32],[\"NAME\",\"Camera 20\"],[\"TIME\",0.6451612903225806]]"}, {"matrix": "[0.9999873608031007,-0.00469133036568546,-0.001807385352999978,0.0,0.0017691375209773958,-0.008144269042513499,0.9999652893382939,0.0,-0.0047058871322743796,-0.9999558273947614,-0.008135866368656826,0.0,-0.05445834501424923,-0.5660432392900921,-0.058239090140493874,1.0]", "fov": 32, "aspect": 1, "properties": "[[\"FOV\",32],[\"NAME\",\"Camera 21\"],[\"TIME\",0.6774193548387096]]"}, {"matrix": "[0.9998579587835138,-0.01628068567486497,-0.004358692571035295,0.0,0.004257318356300275,-0.006256125639880108,0.9999713455397663,0.0,-0.016307486960408717,-0.9998478880972477,-0.006185925049927734,0.0,-0.0213349738395215,-0.5615873396142699,-0.05918560628407911,1.0]", "fov": 32, "aspect": 1, "properties": "[[\"FOV\",32],[\"NAME\",\"Camera 22\"],[\"TIME\",0.7096774193548387]]"}, {"matrix": "[0.9998898795384337,-0.013968618505275004,-0.005007575439679132,0.0,0.004940183235314041,-0.004854889792697865,0.9999759851268273,0.0,-0.013992594833465809,-0.9998906703072987,-0.004785347480748264,0.0,0.008120962972365366,-0.5566638446034864,-0.0581485897811196,1.0]", "fov": 32, "aspect": 1, "properties": "[[\"FOV\",32],[\"NAME\",\"Camera 23\"],[\"TIME\",0.7419354838709677]]"}, {"matrix": "[0.9997996839776255,0.019889807025869836,-0.0022233042028302905,0.0,0.002297250065395527,-0.0036957009861127085,0.9999905414850743,0.0,0.019881401319013572,-0.9997953182275309,-0.0037406525750969914,0.0,0.03740704958566895,-0.5507868317759773,-0.056118238256156146,1.0]", "fov": 32, "aspect": 1, "properties": "[[\"FOV\",32],[\"NAME\",\"Camera 24\"],[\"TIME\",0.7741935483870968]]"}, {"matrix": "[0.9930769697040449,0.11724562004492213,0.0071865378593990725,0.0,-0.006863333417435953,-0.003160156363579002,0.9999714578779271,0.0,0.11726498327543843,-0.9930979385866013,-0.0023335824478309328,0.0,0.06323544358733778,-0.5369378647016971,-0.05448378565410621,1.0]", "fov": 32, "aspect": 1, "properties": "[[\"FOV\",32],[\"NAME\",\"Camera 25\"],[\"TIME\",0.8064516129032258]]"}, {"matrix": "[0.9805108993977475,0.19596867456379688,0.013950000004365894,0.0,-0.013526710186811458,-0.003498271746591323,0.9999024130925025,0.0,0.19599835126444357,-0.9806038966953677,-0.0007792822389366857,0.0,0.09324529360873009,-0.523613904245798,-0.05275591372987276,1.0]", "fov": 32, "aspect": 1, "properties": "[[\"FOV\",32],[\"NAME\",\"Camera 26\"],[\"TIME\",0.8387096774193549]]"}, {"matrix": "[0.9725969443389137,0.2319146519881338,0.016453585707497866,0.0,-0.016139758700399322,-0.0032506512556388033,0.9998644640152896,0.0,0.23193670129256455,-0.972730716323127,0.0005814730611850937,0.0,0.11920757443699725,-0.5061353563983186,-0.05090892383615553,1.0]", "fov": 32, "aspect": 1, "properties": "[[\"FOV\",32],[\"NAME\",\"Camera 27\"],[\"TIME\",0.8709677419354839]]"}, {"matrix": "[0.9600337063732352,0.2791866199816075,0.019751192480999363,0.0,-0.019442686506768565,-0.0038743780877429613,0.9998034489812642,0.0,0.2792082616733458,-0.9602290563743151,0.0017086044771061225,0.0,0.14702232271023527,-0.48915729270183034,-0.04926435350130851,1.0]", "fov": 32, "aspect": 1, "properties": "[[\"FOV\",32],[\"NAME\",\"Camera 28\"],[\"TIME\",0.9032258064516129]]"}, {"matrix": "[0.9468182992872834,0.32094456149822875,0.023015381388579746,0.0,-0.022985620766026324,-0.003882045226305779,0.9997282547040072,0.0,0.3209466813603676,-0.947090027843214,0.0037015183984512893,0.0,0.17489274111382802,-0.47007349451550967,-0.04758351134203456,1.0]", "fov": 32, "aspect": 1, "properties": "[[\"FOV\",32],[\"NAME\",\"Camera 29\"],[\"TIME\",0.9354838709677419]]"}, {"matrix": "[0.9418596297117351,0.3351360725445888,0.024171711455932544,0.0,-0.023906031470363506,-0.004918552858020813,0.9997021247694416,0.0,0.33515514141603087,-0.9421568806911053,0.003379187592144208,0.0,0.2081078010604927,-0.459259125020741,-0.04609940742240571,1.0]", "fov": 32, "aspect": 1, "properties": "[[\"FOV\",32],[\"NAME\",\"Camera 30\"],[\"TIME\",0.967741935483871]]"}, {"matrix": "[0.9516536452297304,0.30624925231852473,0.023805859102778246,0.0,-0.023284061014347764,-0.005357402328470878,0.9997145158533005,0.0,0.3062893664017606,-0.9519362658125814,0.002032334891708129,0.0,0.23304530985387162,-0.4557903662727183,-0.04489566261121643,1.0]", "fov": 32, "aspect": 1, "properties": "[[\"FOV\",32],[\"NAME\",\"Camera 31\"],[\"TIME\",1.0]]"}], "camera_type": "perspective", "render_height": 540, "render_width": 960, "camera_path": [{"camera_to_world": [0.5282151218287221, 0.08429243967629509, -0.8449163422296772, -0.4773661778274467, -0.8457038536091086, -0.036819997759279334, -0.5323807932535873, -0.27893275448760535, -0.07598548547666176, 0.9957605399937272, 0.0518375595134474, -0.035001861307502206, 0.0, 0.0, 0.0, 1.0], "fov": 32, "aspect": 1}, {"camera_to_world": [0.45522709078841533, 0.09015088821891638, -0.8857996913274229, -0.47056728065979425, -0.8866178437467177, -0.045405133389863656, -0.4602685980506742, -0.31362751013871154, -0.08171346960552502, 0.9948925681550218, 0.05925973904844634, -0.03853549751479034, 0.0, 0.0, 0.0, 1.0], "fov": 32, "aspect": 1}, {"camera_to_world": [0.3772032560985788, 0.09431834144533259, -0.9213151958321455, -0.4660302527708076, -0.9220855033344486, -0.05462782949911837, -0.3831110870713389, -0.3439913641479099, -0.08646385689136804, 0.9940421964417698, 0.06636378147301712, -0.04090716647927399, 0.0, 0.0, 0.0, 1.0], "fov": 32, "aspect": 1}, {"camera_to_world": [0.3631326508929086, 0.09264379937422483, -0.9271201834635567, -0.4650746885639598, -0.9277652352869384, -0.05583077242525099, -0.3689642909500428, -0.373348565781017, -0.0859440841863799, 0.9941328109844083, 0.06567771745490987, -0.0418777886222234, 0.0, 0.0, 0.0, 1.0], "fov": 32, "aspect": 1}, {"camera_to_world": [0.3611677673102448, 0.0914483031062312, -0.92800597907253, -0.4615567000998609, -0.9286052656721289, -0.05559991629999811, -0.36687998205525385, -0.40035056844753875, -0.08514760079414821, 0.9942564323029757, 0.06483847760072212, -0.041280054640364834, 0.0, 0.0, 0.0, 1.0], "fov": 32, "aspect": 1}, {"camera_to_world": [0.38602912536203093, 0.09039772839620326, -0.9180466977472499, -0.45191017169016534, -0.9186560088063186, -0.05292686539466709, -0.39149693127805846, -0.42550815354141713, -0.083979770654703, 0.9944983565376205, 0.06261311234613225, -0.04171773439953837, 0.0, 0.0, 0.0, 1.0], "fov": 32, "aspect": 1}, {"camera_to_world": [0.4589046824503196, 0.0873249429431074, -0.8841837149460484, -0.43746506323155127, -0.8848388526914147, -0.0451519409665172, -0.4637041017190288, -0.4480309868498179, -0.08041553988595786, 0.9951560840977476, 0.05654806172764379, -0.042807435623171845, 0.0, 0.0, 0.0, 1.0], "fov": 32, "aspect": 1}, {"camera_to_world": [0.6092424124266727, 0.07572288711246848, -0.7893603365868699, -0.42407015453156854, -0.7898827584753872, -0.030001411194421297, -0.612523606433129, -0.46775302457218726, -0.07006398445982018, 0.9966774620041474, 0.04153406938947374, -0.04354650092243725, 0.0, 0.0, 0.0, 1.0], "fov": 32, "aspect": 1}, {"camera_to_world": [0.7186689234100931, 0.06436015614362822, -0.692367482032092, -0.40854787232739626, -0.6927370005468748, -0.020010534681762136, -0.7209125929113164, -0.48963152996444975, -0.06025269318893693, 0.9977260952599557, 0.030203712567957793, -0.04428858374363644, 0.0, 0.0, 0.0, 1.0], "fov": 32, "aspect": 1}, {"camera_to_world": [0.804674424234279, 0.054457276642890566, -0.5912135909110409, -0.387717003735776, -0.5915431246350608, -0.01158577188941917, -0.8061900871681223, -0.5059325403755238, -0.050752583213826655, 0.9984488606083489, 0.0228910546277863, -0.046635003656473495, 0.0, 0.0, 0.0, 1.0], "fov": 32, "aspect": 1}, {"camera_to_world": [0.8483876768095625, 0.04861584781810849, -0.5271383943494744, -0.3619718815109277, -0.5274904516042214, -0.00632223743448133, -0.8495374090328122, -0.5141959438365429, -0.04463367594705762, 0.9987975468976932, 0.020280688413819126, -0.04816564930931502, 0.0, 0.0, 0.0, 1.0], "fov": 32, "aspect": 1}, {"camera_to_world": [0.9085663651094316, 0.037205815735343394, -0.4160803064216296, -0.3370269423450536, -0.41634381203110704, -0.0007294842563698206, -0.9092069374540579, -0.51610987575802, -0.03413131053463845, 0.9993073809668421, 0.014827624792756818, -0.047879777422355545, 0.0, 0.0, 0.0, 1.0], "fov": 32, "aspect": 1}, {"camera_to_world": [0.952983079795276, 0.022907704560058716, -0.30215639512098497, -0.30604208506788816, -0.3020886489293383, -0.006445081819788539, -0.9532580618814479, -0.5157418696521221, -0.023784377578016352, 0.9997167994292252, 0.0007781039184557141, -0.04143450024758445, 0.0, 0.0, 0.0, 1.0], "fov": 32, "aspect": 1}, {"camera_to_world": [0.9763555055565554, 0.01552655177434013, -0.21561262848957083, -0.2781256995629901, -0.21552629391927922, -0.007054189566071184, -0.9764725570555983, -0.5109351355196943, -0.016682222821166857, 0.9998545788006639, -0.0035410167405266224, -0.03985537448297495, 0.0, 0.0, 0.0, 1.0], "fov": 32, "aspect": 1}, {"camera_to_world": [0.9917226336226096, 0.007771884916541622, -0.1281634361197147, -0.25214922204392065, -0.12811509134977825, -0.006430074601834424, -0.9917384863653719, -0.509706606609712, -0.008531778102035259, 0.9999491517261583, -0.005381154385875891, -0.037905015906567606, 0.0, 0.0, 0.0, 1.0], "fov": 32, "aspect": 1}, {"camera_to_world": [0.9986587913231305, 0.001016596758489632, -0.05176427759659011, -0.22531033078570692, -0.05175672412083293, -0.006417287126299992, -0.9986391011123709, -0.5135618313810351, -0.001347399539043616, 0.9999788845531572, -0.006356064948578598, -0.03807237535717318, 0.0, 0.0, 0.0, 1.0], "fov": 32, "aspect": 1}, {"camera_to_world": [0.9999905368189836, -0.002398795318338953, -0.003631254704642941, -0.19852491565209418, -0.0036496767932001793, -0.007720501679411507, -0.999963550426913, -0.5199642480402042, 0.0023706728464911882, 0.9999673019122339, -0.007729183317025465, -0.043998125935770224, 0.0, 0.0, 0.0, 1.0], "fov": 32, "aspect": 1}, {"camera_to_world": [0.9997783948988621, -0.0036968652365087368, 0.02072292608245648, -0.17258117040698762, 0.020690175974741692, -0.008687319624886808, -0.9997482133024103, -0.5297058184175647, 0.003875960895755909, 0.9999554459566846, -0.00860890584077121, -0.04927715349612907, 0.0, 0.0, 0.0, 1.0], "fov": 32, "aspect": 1}, {"camera_to_world": [0.9995426213984068, -0.003356476211709113, 0.030055108080129657, -0.14433878414700974, 0.030022834604123035, -0.009283778748889446, -0.9995060809755891, -0.537893578334334, 0.0036338434421401165, 0.9999512997408999, -0.009178762027655218, -0.052442504676804065, 0.0, 0.0, 0.0, 1.0], "fov": 32, "aspect": 1}, {"camera_to_world": [0.9995996414415023, -0.003048837718878107, 0.028128412724089075, -0.11622396102800134, 0.028098146339129455, -0.009553346446299595, -0.999559512072752, -0.5529509827610092, 0.003316215158668587, 0.9999497419580238, -0.009463854846035935, -0.056808700429248515, 0.0, 0.0, 0.0, 1.0], "fov": 32, "aspect": 1}, {"camera_to_world": [0.9999248960831097, -0.0009394252573839756, 0.01222199720455959, -0.08643367281410924, 0.012212946960220282, -0.009101092055234652, -0.9998839912252115, -0.5610798664558689, 0.001050549880751121, 0.9999581283052341, -0.009088935658645195, -0.05914929654112169, 0.0, 0.0, 0.0, 1.0], "fov": 32, "aspect": 1}, {"camera_to_world": [0.9999873608031007, 0.0017691375209773958, -0.0047058871322743796, -0.05445834501424923, -0.00469133036568546, -0.008144269042513499, -0.9999558273947614, -0.5660432392900921, -0.001807385352999978, 0.9999652893382939, -0.008135866368656826, -0.058239090140493874, 0.0, 0.0, 0.0, 1.0], "fov": 32, "aspect": 1}, {"camera_to_world": [0.9998579587835138, 0.004257318356300275, -0.016307486960408717, -0.0213349738395215, -0.01628068567486497, -0.006256125639880108, -0.9998478880972477, -0.5615873396142699, -0.004358692571035295, 0.9999713455397663, -0.006185925049927734, -0.05918560628407911, 0.0, 0.0, 0.0, 1.0], "fov": 32, "aspect": 1}, {"camera_to_world": [0.9998898795384337, 0.004940183235314041, -0.013992594833465809, 0.008120962972365366, -0.013968618505275004, -0.004854889792697865, -0.9998906703072987, -0.5566638446034864, -0.005007575439679132, 0.9999759851268273, -0.004785347480748264, -0.0581485897811196, 0.0, 0.0, 0.0, 1.0], "fov": 32, "aspect": 1}, {"camera_to_world": [0.9997996839776255, 0.002297250065395527, 0.019881401319013572, 0.03740704958566895, 0.019889807025869836, -0.0036957009861127085, -0.9997953182275309, -0.5507868317759773, -0.0022233042028302905, 0.9999905414850743, -0.0037406525750969914, -0.056118238256156146, 0.0, 0.0, 0.0, 1.0], "fov": 32, "aspect": 1}, {"camera_to_world": [0.9930769697040449, -0.006863333417435953, 0.11726498327543843, 0.06323544358733778, 0.11724562004492213, -0.003160156363579002, -0.9930979385866013, -0.5369378647016971, 0.0071865378593990725, 0.9999714578779271, -0.0023335824478309328, -0.05448378565410621, 0.0, 0.0, 0.0, 1.0], "fov": 32, "aspect": 1}, {"camera_to_world": [0.9805108993977475, -0.013526710186811458, 0.19599835126444357, 0.09324529360873009, 0.19596867456379688, -0.003498271746591323, -0.9806038966953677, -0.523613904245798, 0.013950000004365894, 0.9999024130925025, -0.0007792822389366857, -0.05275591372987276, 0.0, 0.0, 0.0, 1.0], "fov": 32, "aspect": 1}, {"camera_to_world": [0.9725969443389137, -0.016139758700399322, 0.23193670129256455, 0.11920757443699725, 0.2319146519881338, -0.0032506512556388033, -0.972730716323127, -0.5061353563983186, 0.016453585707497866, 0.9998644640152896, 0.0005814730611850937, -0.05090892383615553, 0.0, 0.0, 0.0, 1.0], "fov": 32, "aspect": 1}, {"camera_to_world": [0.9600337063732352, -0.019442686506768565, 0.2792082616733458, 0.14702232271023527, 0.2791866199816075, -0.0038743780877429613, -0.9602290563743151, -0.48915729270183034, 0.019751192480999363, 0.9998034489812642, 0.0017086044771061225, -0.04926435350130851, 0.0, 0.0, 0.0, 1.0], "fov": 32, "aspect": 1}, {"camera_to_world": [0.9468182992872834, -0.022985620766026324, 0.3209466813603676, 0.17489274111382802, 0.32094456149822875, -0.003882045226305779, -0.947090027843214, -0.47007349451550967, 0.023015381388579746, 0.9997282547040072, 0.0037015183984512893, -0.04758351134203456, 0.0, 0.0, 0.0, 1.0], "fov": 32, "aspect": 1}, {"camera_to_world": [0.9418596297117351, -0.023906031470363506, 0.33515514141603087, 0.2081078010604927, 0.3351360725445888, -0.004918552858020813, -0.9421568806911053, -0.459259125020741, 0.024171711455932544, 0.9997021247694416, 0.003379187592144208, -0.04609940742240571, 0.0, 0.0, 0.0, 1.0], "fov": 32, "aspect": 1}, {"camera_to_world": [0.9516536452297304, -0.023284061014347764, 0.3062893664017606, 0.23304530985387162, 0.30624925231852473, -0.005357402328470878, -0.9519362658125814, -0.4557903662727183, 0.023805859102778246, 0.9997145158533005, 0.002032334891708129, -0.04489566261121643, 0.0, 0.0, 0.0, 1.0], "fov": 32, "aspect": 1}], "fps": 30.0, "seconds": 1.0666666666666667, "smoothness_value": 0.5, "is_cycle": false, "crop": null}