{"keyframes": [{"matrix": "[0.9741038848496757,-0.22442504843588887,-0.027477852672884516,0.0,0.025085332008821917,-0.013505532443586784,0.9995940695634365,0.0,-0.22470506490420813,-0.9743977418565506,-0.007526014927143318,0.0,-0.22377678282035995,-0.5024655666709682,-0.0959584330768492,1.0]", "fov": 32, "aspect": 1, "properties": "[[\"FOV\",32],[\"NAME\",\"Camera 0\"],[\"TIME\",0.0]]"}, {"matrix": "[0.9682542719302494,-0.24800633130479433,-0.031249401482467364,0.0,0.029092530076083523,-0.012357826069696196,0.9995003248459772,0.0,-0.24826859222423478,-0.9686795654177291,-0.004750385580677597,0.0,-0.2241678035867179,-0.45837062394505246,-0.09142189830045049,1.0]", "fov": 32, "aspect": 1, "properties": "[[\"FOV\",32],[\"NAME\",\"Camera 1\"],[\"TIME\",0.02857142857142857]]"}, {"matrix": "[0.9676443409203418,-0.2501422044764703,-0.03306536367409816,0.0,0.031108691302345108,-0.011772976852110009,0.9994466500612685,0.0,-0.2503930617039863,-0.9681375593643304,-0.0036104574940547833,0.0,-0.22228206250135193,-0.4186089520475372,-0.08705056579668216,1.0]", "fov": 32, "aspect": 1, "properties": "[[\"FOV\",32],[\"NAME\",\"Camera 2\"],[\"TIME\",0.05714285714285714]]"}, {"matrix": "[0.9690057459413395,-0.24480011803471344,-0.03317753534248365,0.0,0.03138292525192589,-0.011229019523289262,0.9994443468632603,0.0,-0.24503665095166735,-0.9695085529107441,-0.0031984406815302353,0.0,-0.222227682966248,-0.3764766794140066,-0.08142591089124113,1.0]", "fov": 32, "aspect": 1, "properties": "[[\"FOV\",32],[\"NAME\",\"Camera 3\"],[\"TIME\",0.08571428571428572]]"}, {"matrix": "[0.975692645097025,-0.21697054294020457,-0.030784080994311385,0.0,0.02928200538166172,-0.010135292516559443,0.9995197843741084,0.0,-0.21717836619874434,-0.9761255297583553,-0.0035355974423216282,0.0,-0.21548472455682055,-0.33226069676005365,-0.07529789987559674,1.0]", "fov": 32, "aspect": 1, "properties": "[[\"FOV\",32],[\"NAME\",\"Camera 4\"],[\"TIME\",0.11428571428571428]]"}, {"matrix": "[0.9783034286615829,-0.20508646349103574,-0.029359843072342982,0.0,0.027969931939463073,-0.009673490444317348,0.9995619491386153,0.0,-0.2052806375100286,-0.9786960615339921,-0.0037273539492629943,0.0,-0.21912415607583843,-0.28922379078061494,-0.06900219673846254,1.0]", "fov": 32, "aspect": 1, "properties": "[[\"FOV\",32],[\"NAME\",\"Camera 5\"],[\"TIME\",0.14285714285714285]]"}, {"matrix": "[0.9850609043019654,-0.1703417153827495,-0.025272303005310352,0.0,0.024104840729592576,-0.008918639761371258,0.9996696342735406,0.0,-0.170510832478239,-0.9853446718092775,-0.004679343494768832,0.0,-0.21982608072412654,-0.24788951765117886,-0.06528103638448537,1.0]", "fov": 32, "aspect": 1, "properties": "[[\"FOV\",32],[\"NAME\",\"Camera 6\"],[\"TIME\",0.17142857142857143]]"}, {"matrix": "[0.9893666551823179,-0.14381196260361,-0.02171967700877678,0.0,0.02068727639932573,-0.008670426235793657,0.9997483882065908,0.0,-0.14396410774822183,-0.989567054032588,-0.0056031522892718314,0.0,-0.22116925361407358,-0.21403219865332349,-0.06257641845515668,1.0]", "fov": 32, "aspect": 1, "properties": "[[\"FOV\",32],[\"NAME\",\"Camera 7\"],[\"TIME\",0.2]]"}, {"matrix": "[0.9910740325571925,-0.13186096371909178,-0.019618740431648983,0.0,0.01854139170112218,-0.009393306989602413,0.9997839431323247,0.0,-0.1320167694157041,-0.9912237349160874,-0.006864577358904865,0.0,-0.2209147195509427,-0.18244966799622156,-0.060252184669884114,1.0]", "fov": 32, "aspect": 1, "properties": "[[\"FOV\",32],[\"NAME\",\"Camera 8\"],[\"TIME\",0.22857142857142856]]"}, {"matrix": "[0.9927761238596012,-0.11848824214458585,-0.018869888310787834,0.0,0.017913286876756876,-0.009133303743018045,0.9997978349881859,0.0,-0.11863663521175226,-0.9929134747723903,-0.00694481209164939,0.0,-0.22906152005550548,-0.15748419043504808,-0.05660831383076549,1.0]", "fov": 32, "aspect": 1, "properties": "[[\"FOV\",32],[\"NAME\",\"Camera 9\"],[\"TIME\",0.2571428571428571]]"}, {"matrix": "[0.9927593770711,-0.11901349295943373,-0.01626767660730039,0.0,0.015192882612174866,-0.009932650055957245,0.9998352388658098,0.0,-0.11915546847752231,-0.9928429350322139,-0.00805257316718574,0.0,-0.2536507372656119,-0.13307275007168107,-0.05388588509145125,1.0]", "fov": 32, "aspect": 1, "properties": "[[\"FOV\",32],[\"NAME\",\"Camera 10\"],[\"TIME\",0.2857142857142857]]"}, {"matrix": "[0.983962423423319,-0.1769416767034814,-0.022574295228116513,0.0,0.02093198531077606,-0.011142994231260566,0.9997188213141728,0.0,-0.17714346482145843,-0.9841582382020204,-0.007260546999670677,0.0,-0.2687317379589954,-0.1085689757798083,-0.04794878734984834,1.0]", "fov": 32, "aspect": 1, "properties": "[[\"FOV\",32],[\"NAME\",\"Camera 11\"],[\"TIME\",0.3142857142857143]]"}, {"matrix": "[0.9795182482913756,-0.19971213135839064,-0.025671414404774107,0.0,0.02363547210336617,-0.012572278432399608,0.9996415765209985,0.0,-0.19996329483985775,-0.9797739716402876,-0.007594485819630051,0.0,-0.2899784914638094,-0.10096479729539017,-0.04689576865195711,1.0]", "fov": 32, "aspect": 1, "properties": "[[\"FOV\",32],[\"NAME\",\"Camera 12\"],[\"TIME\",0.34285714285714286]]"}, {"matrix": "[0.9242252526328997,-0.37935117984050876,-0.04359289840403737,0.0,0.03919549582144044,-0.019311386035503857,0.9990449165015195,0.0,-0.3798307295276472,-0.9250512124845283,-0.002979213263916281,0.0,-0.3125718625650537,-0.1021208341874311,-0.04725661719638936,1.0]", "fov": 32, "aspect": 1, "properties": "[[\"FOV\",32],[\"NAME\",\"Camera 13\"],[\"TIME\",0.37142857142857144]]"}, {"matrix": "[0.7643211706438214,-0.640793840071975,-0.07208610426871444,0.0,0.0645264781681963,-0.035225210709717895,0.9972940685077717,0.0,-0.6415991678003782,-0.76690441489295,0.014424796753746978,0.0,-0.31978673747500375,-0.10080011737483578,-0.04956632888958904,1.0]", "fov": 32, "aspect": 1, "properties": "[[\"FOV\",32],[\"NAME\",\"Camera 14\"],[\"TIME\",0.4]]"}, {"matrix": "[0.4657112956901846,-0.8785823370497197,-0.10585893615275747,0.0,0.09832679643128209,-0.0675080645619218,0.9928618012339144,0.0,-0.8794571455490902,-0.4727957006464799,0.054948912416594824,0.0,-0.33612021399389963,-0.09473865467156306,-0.04577759146012745,1.0]", "fov": 32, "aspect": 1, "properties": "[[\"FOV\",32],[\"NAME\",\"Camera 15\"],[\"TIME\",0.42857142857142855]]"}, {"matrix": "[0.2822486831792693,-0.9524041096228921,-0.11516103646132872,0.0,0.10773298553777155,-0.08781543579498197,0.9902939249009473,0.0,-0.9532729289447738,-0.291915784927334,0.07781955340561467,0.0,-0.34666352986056137,-0.08135553725427963,-0.04444532880111981,1.0]", "fov": 32, "aspect": 1, "properties": "[[\"FOV\",32],[\"NAME\",\"Camera 16\"],[\"TIME\",0.45714285714285713]]"}, {"matrix": "[0.0979503901529106,-0.9881743272926833,-0.11797129999108079,0.0,0.11566331515101251,-0.10643426133774286,0.9875696010527348,0.0,-0.9884471201403296,-0.11037778160887358,0.10387023559981251,0.0,-0.36291389520690465,-0.06101343761489243,-0.041713682512316066,1.0]", "fov": 32, "aspect": 1, "properties": "[[\"FOV\",32],[\"NAME\",\"Camera 17\"],[\"TIME\",0.4857142857142857]]"}, {"matrix": "[-0.09593206100813517,-0.9885387152290421,-0.11656878096354448,0.0,0.11801142366958295,-0.12757822244855707,0.9847827836868115,0.0,-0.9883675321428427,0.08071579443488319,0.12889769565970627,0.0,-0.3703733609894758,-0.03962718273602489,-0.04206983970736462,1.0]", "fov": 32, "aspect": 1, "properties": "[[\"FOV\",32],[\"NAME\",\"Camera 18\"],[\"TIME\",0.5142857142857142]]"}, {"matrix": "[-0.27860334886191274,-0.9539790236801325,-0.11092403001391501,0.0,0.11906737726747557,-0.14891494941116157,0.9816554143650281,0.0,-0.9529969278976476,0.26028506663568474,0.15507598917075568,0.0,-0.3778432630361447,-0.015442020700777284,-0.03813901008803131,1.0]", "fov": 32, "aspect": 1, "properties": "[[\"FOV\",32],[\"NAME\",\"Camera 19\"],[\"TIME\",0.5428571428571428]]"}, {"matrix": "[-0.4181389917336469,-0.9024965241478157,-0.10324613801686405,0.0,0.11371879466341946,-0.16477192506214128,0.9797542047016847,0.0,-0.9012368282360151,0.39793237431799205,0.17152838722413108,0.0,-0.3903414465427164,0.011947530716979158,-0.0349188521645471,1.0]", "fov": 32, "aspect": 1, "properties": "[[\"FOV\",32],[\"NAME\",\"Camera 20\"],[\"TIME\",0.5714285714285714]]"}, {"matrix": "[-0.5005058944164524,-0.8601490494506852,-0.09817049532720586,0.0,0.10833837163906945,-0.1747340041457559,0.9786372373483688,0.0,-0.858927638840589,0.47917803867634945,0.1806425492646572,0.0,-0.3911976982267776,0.043493824050373234,-0.0323295143702145,1.0]", "fov": 32, "aspect": 1, "properties": "[[\"FOV\",32],[\"NAME\",\"Camera 21\"],[\"TIME\",0.6]]"}, {"matrix": "[-0.5338468052294959,-0.8402968063152263,-0.0943868207693108,0.0,0.10693741562415233,-0.17781900718895308,0.9782355580600844,0.0,-0.8387919910624532,0.5121344394753877,0.18478726960006508,0.0,-0.4095040668246181,0.08394677156426177,-0.02934305120579593,1.0]", "fov": 32, "aspect": 1, "properties": "[[\"FOV\",32],[\"NAME\",\"Camera 22\"],[\"TIME\",0.6285714285714286]]"}, {"matrix": "[-0.5413042423608947,-0.8356819290978044,-0.09287329464436425,0.0,0.10889390337821857,-0.1791988551114377,0.977767791837384,0.0,-0.8337456807986461,0.5191565280906006,0.18800176644150554,0.0,-0.425632267379206,0.1140218773988351,-0.024698902565736525,1.0]", "fov": 32, "aspect": 1, "properties": "[[\"FOV\",32],[\"NAME\",\"Camera 23\"],[\"TIME\",0.6571428571428571]]"}, {"matrix": "[-0.5479801135054678,-0.8313160356712581,-0.0929054324423667,0.0,0.10780544649530248,-0.18032511227258166,0.9776813795158511,0.0,-0.8295153692506642,0.5257342297610472,0.188434977370076,0.0,-0.45134992639560134,0.14991676924998948,-0.018886972185450376,1.0]", "fov": 32, "aspect": 1, "properties": "[[\"FOV\",32],[\"NAME\",\"Camera 24\"],[\"TIME\",0.6857142857142857]]"}, {"matrix": "[-0.5490488249973469,-0.8306719471457252,-0.0923556214367701,0.0,0.10848090561394585,-0.18039327468462343,0.9775940579040954,0.0,-0.8287202909303254,0.5267280276040063,0.18915674904218585,0.0,-0.4587688005164684,0.19571936164772696,-0.012652242619598283,1.0]", "fov": 32, "aspect": 1, "properties": "[[\"FOV\",32],[\"NAME\",\"Camera 25\"],[\"TIME\",0.7142857142857143]]"}, {"matrix": "[-0.5505268514130933,-0.8298159512873755,-0.09124522693058297,0.0,0.1090305235519933,-0.17983368729298435,0.9776360036079195,0.0,-0.8276668973149313,0.5282663658725154,0.1894785356947905,0.0,-0.4726447531803816,0.2475693814013813,-0.005199921567154139,1.0]", "fov": 32, "aspect": 1, "properties": "[[\"FOV\",32],[\"NAME\",\"Camera 26\"],[\"TIME\",0.7428571428571429]]"}, {"matrix": "[-0.5521921789018289,-0.8289890276769594,-0.0886625796259366,0.0,0.11255052674384484,-0.1794950260914496,0.977299323963506,0.0,-0.8260848635436885,0.5296780048788884,0.1924188861548588,0.0,-0.4679684721181097,0.2921514742555688,-0.00017491797304023543,1.0]", "fov": 32, "aspect": 1, "properties": "[[\"FOV\",32],[\"NAME\",\"Camera 27\"],[\"TIME\",0.7714285714285715]]"}, {"matrix": "[-0.562502762056714,-0.8222378628447039,-0.08669206110794823,0.0,0.11365140774265088,-0.1807532350777838,0.9769399406794502,0.0,-0.8189468863658859,0.5396786955607283,0.19512268338278213,0.0,-0.4808835242313161,0.3411918622666631,0.009060608505441764,1.0]", "fov": 32, "aspect": 1, "properties": "[[\"FOV\",32],[\"NAME\",\"Camera 28\"],[\"TIME\",0.8]]"}, {"matrix": "[-0.5607414064940401,-0.8234801753672596,-0.08631070228488108,0.0,0.11445982454765115,-0.1803337665998023,0.9769230881580719,0.0,-0.8200415038265135,0.5379220902000756,0.19537600665691657,0.0,-0.4953517327856273,0.38312133320918146,0.018085322214913005,1.0]", "fov": 32, "aspect": 1, "properties": "[[\"FOV\",32],[\"NAME\",\"Camera 29\"],[\"TIME\",0.8285714285714286]]"}, {"matrix": "[-0.5568035773373424,-0.8260039982118408,-0.08767616392519749,0.0,0.11585524940771937,-0.18174740579684165,0.976496510293456,0.0,-0.8225249442210524,0.5335590579539798,0.19689451220379958,0.0,-0.4914593466794319,0.4074367587321324,0.020835521720167196,1.0]", "fov": 32, "aspect": 1, "properties": "[[\"FOV\",32],[\"NAME\",\"Camera 30\"],[\"TIME\",0.8571428571428571]]"}, {"matrix": "[-0.5071088078624459,-0.856936970601494,-0.09219363867296868,0.0,0.12450994422604918,-0.17868382060905624,0.9759965898228388,0.0,-0.8528411077722441,0.48345744897862303,0.1973093141126639,0.0,-0.4521490014556455,0.4187940448461376,0.020494470755459966,1.0]", "fov": 32, "aspect": 1, "properties": "[[\"FOV\",32],[\"NAME\",\"Camera 31\"],[\"TIME\",0.8857142857142857]]"}, {"matrix": "[-0.5057602054336572,-0.8578038876104566,-0.09153751964552527,0.0,0.12562486839036066,-0.17821226745155086,0.9759399644441125,0.0,-0.8534781784901363,0.4820921855875896,0.19789417174092913,0.0,-0.4195061881608061,0.4460662148900822,0.026684090647163414,1.0]", "fov": 32, "aspect": 1, "properties": "[[\"FOV\",32],[\"NAME\",\"Camera 32\"],[\"TIME\",0.9142857142857143]]"}, {"matrix": "[-0.5394780380514487,-0.8374500738948266,-0.08741164454200738,0.0,0.12375314986262827,-0.18154845305783238,0.9755640798715765,0.0,-0.832855666376043,0.515477951363297,0.2015784908131088,0.0,-0.39676428280353004,0.4754068578877157,0.03327183312749025,1.0]", "fov": 32, "aspect": 1, "properties": "[[\"FOV\",32],[\"NAME\",\"Camera 33\"],[\"TIME\",0.9428571428571428]]"}, {"matrix": "[-0.5913672130409371,-0.8022099962196004,-0.08212171630519087,0.0,0.11884153984856362,-0.18742335877331065,0.9750636697979974,0.0,-0.7975973401072634,0.566861194785948,0.20617189900929578,0.0,-0.3862988152478268,0.5084530930620129,0.0391038649727779,1.0]", "fov": 32, "aspect": 1, "properties": "[[\"FOV\",32],[\"NAME\",\"Camera 34\"],[\"TIME\",0.9714285714285714]]"}, {"matrix": "[-0.630676877321523,-0.7721559678698315,-0.07760068838886694,0.0,0.10375394895648403,-0.18299347392140436,0.977623937867746,0.0,-0.7690785291466027,0.608513407054046,0.19552398171891505,0.0,-0.3658034992697392,0.5219892503380857,0.057385132070169646,1.0]", "fov": 32, "aspect": 1, "properties": "[[\"FOV\",32],[\"NAME\",\"Camera 35\"],[\"TIME\",1.0]]"}], "camera_type": "perspective", "render_height": 540, "render_width": 960, "camera_path": [{"camera_to_world": [0.9741038848496757, 0.025085332008821917, -0.22470506490420813, -0.22377678282035995, -0.22442504843588887, -0.013505532443586784, -0.9743977418565506, -0.5024655666709682, -0.027477852672884516, 0.9995940695634365, -0.007526014927143318, -0.0959584330768492, 0.0, 0.0, 0.0, 1.0], "fov": 32, "aspect": 1}, {"camera_to_world": [0.9682542719302494, 0.029092530076083523, -0.24826859222423478, -0.2241678035867179, -0.24800633130479433, -0.012357826069696196, -0.9686795654177291, -0.45837062394505246, -0.031249401482467364, 0.9995003248459772, -0.004750385580677597, -0.09142189830045049, 0.0, 0.0, 0.0, 1.0], "fov": 32, "aspect": 1}, {"camera_to_world": [0.9676443409203418, 0.031108691302345108, -0.2503930617039863, -0.22228206250135193, -0.2501422044764703, -0.011772976852110009, -0.9681375593643304, -0.4186089520475372, -0.03306536367409816, 0.9994466500612685, -0.0036104574940547833, -0.08705056579668216, 0.0, 0.0, 0.0, 1.0], "fov": 32, "aspect": 1}, {"camera_to_world": [0.9690057459413395, 0.03138292525192589, -0.24503665095166735, -0.222227682966248, -0.24480011803471344, -0.011229019523289262, -0.9695085529107441, -0.3764766794140066, -0.03317753534248365, 0.9994443468632603, -0.0031984406815302353, -0.08142591089124113, 0.0, 0.0, 0.0, 1.0], "fov": 32, "aspect": 1}, {"camera_to_world": [0.975692645097025, 0.02928200538166172, -0.21717836619874434, -0.21548472455682055, -0.21697054294020457, -0.010135292516559443, -0.9761255297583553, -0.33226069676005365, -0.030784080994311385, 0.9995197843741084, -0.0035355974423216282, -0.07529789987559674, 0.0, 0.0, 0.0, 1.0], "fov": 32, "aspect": 1}, {"camera_to_world": [0.9783034286615829, 0.027969931939463073, -0.2052806375100286, -0.21912415607583843, -0.20508646349103574, -0.009673490444317348, -0.9786960615339921, -0.28922379078061494, -0.029359843072342982, 0.9995619491386153, -0.0037273539492629943, -0.06900219673846254, 0.0, 0.0, 0.0, 1.0], "fov": 32, "aspect": 1}, {"camera_to_world": [0.9850609043019654, 0.024104840729592576, -0.170510832478239, -0.21982608072412654, -0.1703417153827495, -0.008918639761371258, -0.9853446718092775, -0.24788951765117886, -0.025272303005310352, 0.9996696342735406, -0.004679343494768832, -0.06528103638448537, 0.0, 0.0, 0.0, 1.0], "fov": 32, "aspect": 1}, {"camera_to_world": [0.9893666551823179, 0.02068727639932573, -0.14396410774822183, -0.22116925361407358, -0.14381196260361, -0.008670426235793657, -0.989567054032588, -0.21403219865332349, -0.02171967700877678, 0.9997483882065908, -0.0056031522892718314, -0.06257641845515668, 0.0, 0.0, 0.0, 1.0], "fov": 32, "aspect": 1}, {"camera_to_world": [0.9910740325571925, 0.01854139170112218, -0.1320167694157041, -0.2209147195509427, -0.13186096371909178, -0.009393306989602413, -0.9912237349160874, -0.18244966799622156, -0.019618740431648983, 0.9997839431323247, -0.006864577358904865, -0.060252184669884114, 0.0, 0.0, 0.0, 1.0], "fov": 32, "aspect": 1}, {"camera_to_world": [0.9927761238596012, 0.017913286876756876, -0.11863663521175226, -0.22906152005550548, -0.11848824214458585, -0.009133303743018045, -0.9929134747723903, -0.15748419043504808, -0.018869888310787834, 0.9997978349881859, -0.00694481209164939, -0.05660831383076549, 0.0, 0.0, 0.0, 1.0], "fov": 32, "aspect": 1}, {"camera_to_world": [0.9927593770711, 0.015192882612174866, -0.11915546847752231, -0.2536507372656119, -0.11901349295943373, -0.009932650055957245, -0.9928429350322139, -0.13307275007168107, -0.01626767660730039, 0.9998352388658098, -0.00805257316718574, -0.05388588509145125, 0.0, 0.0, 0.0, 1.0], "fov": 32, "aspect": 1}, {"camera_to_world": [0.983962423423319, 0.02093198531077606, -0.17714346482145843, -0.2687317379589954, -0.1769416767034814, -0.011142994231260566, -0.9841582382020204, -0.1085689757798083, -0.022574295228116513, 0.9997188213141728, -0.007260546999670677, -0.04794878734984834, 0.0, 0.0, 0.0, 1.0], "fov": 32, "aspect": 1}, {"camera_to_world": [0.9795182482913756, 0.02363547210336617, -0.19996329483985775, -0.2899784914638094, -0.19971213135839064, -0.012572278432399608, -0.9797739716402876, -0.10096479729539017, -0.025671414404774107, 0.9996415765209985, -0.007594485819630051, -0.04689576865195711, 0.0, 0.0, 0.0, 1.0], "fov": 32, "aspect": 1}, {"camera_to_world": [0.9242252526328997, 0.03919549582144044, -0.3798307295276472, -0.3125718625650537, -0.37935117984050876, -0.019311386035503857, -0.9250512124845283, -0.1021208341874311, -0.04359289840403737, 0.9990449165015195, -0.002979213263916281, -0.04725661719638936, 0.0, 0.0, 0.0, 1.0], "fov": 32, "aspect": 1}, {"camera_to_world": [0.7643211706438214, 0.0645264781681963, -0.6415991678003782, -0.31978673747500375, -0.640793840071975, -0.035225210709717895, -0.76690441489295, -0.10080011737483578, -0.07208610426871444, 0.9972940685077717, 0.014424796753746978, -0.04956632888958904, 0.0, 0.0, 0.0, 1.0], "fov": 32, "aspect": 1}, {"camera_to_world": [0.4657112956901846, 0.09832679643128209, -0.8794571455490902, -0.33612021399389963, -0.8785823370497197, -0.0675080645619218, -0.4727957006464799, -0.09473865467156306, -0.10585893615275747, 0.9928618012339144, 0.054948912416594824, -0.04577759146012745, 0.0, 0.0, 0.0, 1.0], "fov": 32, "aspect": 1}, {"camera_to_world": [0.2822486831792693, 0.10773298553777155, -0.9532729289447738, -0.34666352986056137, -0.9524041096228921, -0.08781543579498197, -0.291915784927334, -0.08135553725427963, -0.11516103646132872, 0.9902939249009473, 0.07781955340561467, -0.04444532880111981, 0.0, 0.0, 0.0, 1.0], "fov": 32, "aspect": 1}, {"camera_to_world": [0.0979503901529106, 0.11566331515101251, -0.9884471201403296, -0.36291389520690465, -0.9881743272926833, -0.10643426133774286, -0.11037778160887358, -0.06101343761489243, -0.11797129999108079, 0.9875696010527348, 0.10387023559981251, -0.041713682512316066, 0.0, 0.0, 0.0, 1.0], "fov": 32, "aspect": 1}, {"camera_to_world": [-0.09593206100813517, 0.11801142366958295, -0.9883675321428427, -0.3703733609894758, -0.9885387152290421, -0.12757822244855707, 0.08071579443488319, -0.03962718273602489, -0.11656878096354448, 0.9847827836868115, 0.12889769565970627, -0.04206983970736462, 0.0, 0.0, 0.0, 1.0], "fov": 32, "aspect": 1}, {"camera_to_world": [-0.27860334886191274, 0.11906737726747557, -0.9529969278976476, -0.3778432630361447, -0.9539790236801325, -0.14891494941116157, 0.26028506663568474, -0.015442020700777284, -0.11092403001391501, 0.9816554143650281, 0.15507598917075568, -0.03813901008803131, 0.0, 0.0, 0.0, 1.0], "fov": 32, "aspect": 1}, {"camera_to_world": [-0.4181389917336469, 0.11371879466341946, -0.9012368282360151, -0.3903414465427164, -0.9024965241478157, -0.16477192506214128, 0.39793237431799205, 0.011947530716979158, -0.10324613801686405, 0.9797542047016847, 0.17152838722413108, -0.0349188521645471, 0.0, 0.0, 0.0, 1.0], "fov": 32, "aspect": 1}, {"camera_to_world": [-0.5005058944164524, 0.10833837163906945, -0.858927638840589, -0.3911976982267776, -0.8601490494506852, -0.1747340041457559, 0.47917803867634945, 0.043493824050373234, -0.09817049532720586, 0.9786372373483688, 0.1806425492646572, -0.0323295143702145, 0.0, 0.0, 0.0, 1.0], "fov": 32, "aspect": 1}, {"camera_to_world": [-0.5338468052294959, 0.10693741562415233, -0.8387919910624532, -0.4095040668246181, -0.8402968063152263, -0.17781900718895308, 0.5121344394753877, 0.08394677156426177, -0.0943868207693108, 0.9782355580600844, 0.18478726960006508, -0.02934305120579593, 0.0, 0.0, 0.0, 1.0], "fov": 32, "aspect": 1}, {"camera_to_world": [-0.5413042423608947, 0.10889390337821857, -0.8337456807986461, -0.425632267379206, -0.8356819290978044, -0.1791988551114377, 0.5191565280906006, 0.1140218773988351, -0.09287329464436425, 0.977767791837384, 0.18800176644150554, -0.024698902565736525, 0.0, 0.0, 0.0, 1.0], "fov": 32, "aspect": 1}, {"camera_to_world": [-0.5479801135054678, 0.10780544649530248, -0.8295153692506642, -0.45134992639560134, -0.8313160356712581, -0.18032511227258166, 0.5257342297610472, 0.14991676924998948, -0.0929054324423667, 0.9776813795158511, 0.188434977370076, -0.018886972185450376, 0.0, 0.0, 0.0, 1.0], "fov": 32, "aspect": 1}, {"camera_to_world": [-0.5490488249973469, 0.10848090561394585, -0.8287202909303254, -0.4587688005164684, -0.8306719471457252, -0.18039327468462343, 0.5267280276040063, 0.19571936164772696, -0.0923556214367701, 0.9775940579040954, 0.18915674904218585, -0.012652242619598283, 0.0, 0.0, 0.0, 1.0], "fov": 32, "aspect": 1}, {"camera_to_world": [-0.5505268514130933, 0.1090305235519933, -0.8276668973149313, -0.4726447531803816, -0.8298159512873755, -0.17983368729298435, 0.5282663658725154, 0.2475693814013813, -0.09124522693058297, 0.9776360036079195, 0.1894785356947905, -0.005199921567154139, 0.0, 0.0, 0.0, 1.0], "fov": 32, "aspect": 1}, {"camera_to_world": [-0.5521921789018289, 0.11255052674384484, -0.8260848635436885, -0.4679684721181097, -0.8289890276769594, -0.1794950260914496, 0.5296780048788884, 0.2921514742555688, -0.0886625796259366, 0.977299323963506, 0.1924188861548588, -0.00017491797304023543, 0.0, 0.0, 0.0, 1.0], "fov": 32, "aspect": 1}, {"camera_to_world": [-0.562502762056714, 0.11365140774265088, -0.8189468863658859, -0.4808835242313161, -0.8222378628447039, -0.1807532350777838, 0.5396786955607283, 0.3411918622666631, -0.08669206110794823, 0.9769399406794502, 0.19512268338278213, 0.009060608505441764, 0.0, 0.0, 0.0, 1.0], "fov": 32, "aspect": 1}, {"camera_to_world": [-0.5607414064940401, 0.11445982454765115, -0.8200415038265135, -0.4953517327856273, -0.8234801753672596, -0.1803337665998023, 0.5379220902000756, 0.38312133320918146, -0.08631070228488108, 0.9769230881580719, 0.19537600665691657, 0.018085322214913005, 0.0, 0.0, 0.0, 1.0], "fov": 32, "aspect": 1}, {"camera_to_world": [-0.5568035773373424, 0.11585524940771937, -0.8225249442210524, -0.4914593466794319, -0.8260039982118408, -0.18174740579684165, 0.5335590579539798, 0.4074367587321324, -0.08767616392519749, 0.976496510293456, 0.19689451220379958, 0.020835521720167196, 0.0, 0.0, 0.0, 1.0], "fov": 32, "aspect": 1}, {"camera_to_world": [-0.5071088078624459, 0.12450994422604918, -0.8528411077722441, -0.4521490014556455, -0.856936970601494, -0.17868382060905624, 0.48345744897862303, 0.4187940448461376, -0.09219363867296868, 0.9759965898228388, 0.1973093141126639, 0.020494470755459966, 0.0, 0.0, 0.0, 1.0], "fov": 32, "aspect": 1}, {"camera_to_world": [-0.5057602054336572, 0.12562486839036066, -0.8534781784901363, -0.4195061881608061, -0.8578038876104566, -0.17821226745155086, 0.4820921855875896, 0.4460662148900822, -0.09153751964552527, 0.9759399644441125, 0.19789417174092913, 0.026684090647163414, 0.0, 0.0, 0.0, 1.0], "fov": 32, "aspect": 1}, {"camera_to_world": [-0.5394780380514487, 0.12375314986262827, -0.832855666376043, -0.39676428280353004, -0.8374500738948266, -0.18154845305783238, 0.515477951363297, 0.4754068578877157, -0.08741164454200738, 0.9755640798715765, 0.2015784908131088, 0.03327183312749025, 0.0, 0.0, 0.0, 1.0], "fov": 32, "aspect": 1}, {"camera_to_world": [-0.5913672130409371, 0.11884153984856362, -0.7975973401072634, -0.3862988152478268, -0.8022099962196004, -0.18742335877331065, 0.566861194785948, 0.5084530930620129, -0.08212171630519087, 0.9750636697979974, 0.20617189900929578, 0.0391038649727779, 0.0, 0.0, 0.0, 1.0], "fov": 32, "aspect": 1}, {"camera_to_world": [-0.630676877321523, 0.10375394895648403, -0.7690785291466027, -0.3658034992697392, -0.7721559678698315, -0.18299347392140436, 0.608513407054046, 0.5219892503380857, -0.07760068838886694, 0.977623937867746, 0.19552398171891505, 0.057385132070169646, 0.0, 0.0, 0.0, 1.0], "fov": 32, "aspect": 1}], "fps": 24.0, "seconds": 1.5, "smoothness_value": 0.5, "is_cycle": false, "crop": null}