{"keyframes": [{"matrix": "[-0.6749785489058356,0.7306341096065906,0.10284825967247793,0.0,-0.13268611285630094,-0.2573162164511672,0.9571743687555683,0.0,0.7258087732708866,0.6324256550345885,0.27062792288148413,0.0,0.295602187517764,0.45996859297173703,0.048576684965215285,1.0]", "fov": 32, "aspect": 1, "properties": "[[\"FOV\",32],[\"NAME\",\"Camera 0\"],[\"TIME\",0.0]]"}, {"matrix": "[-0.6433881831366567,0.7585663699097513,0.10309550237806787,0.0,-0.14294572000117917,-0.25134420455194995,0.9572839795255772,0.0,0.7520758747105413,0.6011681469025564,0.27014570926398773,0.0,0.3425588584076143,0.42035725126626117,0.04743778496026118,1.0]", "fov": 32, "aspect": 1, "properties": "[[\"FOV\",32],[\"NAME\",\"Camera 1\"],[\"TIME\",0.041666666666666664]]"}, {"matrix": "[-0.6209585635690761,0.7767635982163502,0.1051130737164754,0.0,-0.15004569209468047,-0.2494119259554527,0.9567026745941413,0.0,0.769348266187479,0.578300946423377,0.27142449643039274,0.0,0.4101896792190397,0.3991594637739095,0.0454745838568014,1.0]", "fov": 32, "aspect": 1, "properties": "[[\"FOV\",32],[\"NAME\",\"Camera 2\"],[\"TIME\",0.08333333333333333]]"}, {"matrix": "[-0.6149386943135623,0.7812947584539633,0.10690608244727362,0.0,-0.15467639857015675,-0.25243987818211905,0.9551697733772216,0.0,0.7732565336907945,0.5708350151661332,0.27608291052507355,0.0,0.4757777155869097,0.36882130990398126,0.045669957336071335,1.0]", "fov": 32, "aspect": 1, "properties": "[[\"FOV\",32],[\"NAME\",\"Camera 3\"],[\"TIME\",0.125]]"}, {"matrix": "[-0.5901944782436338,0.7996835499777919,0.11034809226804151,0.0,-0.1640869865047549,-0.2526799290908273,0.9535346241585991,0.0,0.790408666022479,0.54466422761575,0.28034795753579395,0.0,0.5369409410057507,0.3298403949135202,0.03818062718899682,1.0]", "fov": 32, "aspect": 1, "properties": "[[\"FOV\",32],[\"NAME\",\"Camera 4\"],[\"TIME\",0.16666666666666666]]"}, {"matrix": "[-0.5680983528721109,0.8153040136477242,0.11199841883173013,0.0,-0.17730239435548936,-0.2541510650958779,0.950773930573487,0.0,0.8036342819758793,0.5202755227689193,0.28893817063599286,0.0,0.5782694037774269,0.2582290915054423,0.03498527505599672,1.0]", "fov": 32, "aspect": 1, "properties": "[[\"FOV\",32],[\"NAME\",\"Camera 5\"],[\"TIME\",0.20833333333333334]]"}, {"matrix": "[-0.5251939700736149,0.8434555918155602,0.11293329670195275,0.0,-0.19423151577224088,-0.24801833652786773,0.9490843346521837,0.0,0.8285200118341559,0.4765181616678849,0.2940834093999937,0.0,0.6100147253870251,0.19494328913031334,0.03200986364306598,1.0]", "fov": 32, "aspect": 1, "properties": "[[\"FOV\",32],[\"NAME\",\"Camera 6\"],[\"TIME\",0.25]]"}, {"matrix": "[-0.436884005477207,0.891453851350022,0.12017646367297954,0.0,-0.21023184646671578,-0.23109236501133512,0.9499468021929423,0.0,0.8746055748096395,0.38975163584529454,0.28837256021561375,0.0,0.648500674830628,0.13656377099964961,0.026265552621935744,1.0]", "fov": 32, "aspect": 1, "properties": "[[\"FOV\",32],[\"NAME\",\"Camera 7\"],[\"TIME\",0.2916666666666667]]"}, {"matrix": "[-0.30194179493768075,0.9451543605365623,0.12455697236685113,0.0,-0.23592310489634252,-0.20067313843769616,0.9508262394784447,0.0,0.9236728105431514,0.25770831955734314,0.2835753377682503,0.0,0.6733693063799268,0.08100763955049796,0.02279713302218526,1.0]", "fov": 32, "aspect": 1, "properties": "[[\"FOV\",32],[\"NAME\",\"Camera 8\"],[\"TIME\",0.3333333333333333]]"}, {"matrix": "[-0.05365314854848021,0.9897657839684544,0.13223106074430843,0.0,-0.25668732556750695,-0.14164239667702205,0.9560591455461351,0.0,0.9650040942123872,0.017353544492322716,0.261659906850373,0.0,0.6977211745991205,0.027000666811325468,0.015706836007739235,1.0]", "fov": 32, "aspect": 1, "properties": "[[\"FOV\",32],[\"NAME\",\"Camera 9\"],[\"TIME\",0.375]]"}, {"matrix": "[0.08435853688694657,0.990087420358006,0.11229651918500438,0.0,-0.2744568242625693,-0.08525134478133414,0.9578129468430078,0.0,0.957892003554142,-0.11162024390051802,0.2645445769494936,0.0,0.7081306256829524,-0.034594139000207434,0.010618825903989706,1.0]", "fov": 32, "aspect": 1, "properties": "[[\"FOV\",32],[\"NAME\",\"Camera 10\"],[\"TIME\",0.4166666666666667]]"}, {"matrix": "[0.17348559679150863,0.980554083211776,0.09174103718831564,0.0,-0.290958405897348,-0.03796394964693912,0.9559821600863317,0.0,0.9408750790149871,-0.19254195850991726,0.2787142743863513,0.0,0.7340234022413357,-0.10056295552773198,0.004855028906884893,1.0]", "fov": 32, "aspect": 1, "properties": "[[\"FOV\",32],[\"NAME\",\"Camera 11\"],[\"TIME\",0.4583333333333333]]"}, {"matrix": "[0.23342822985934814,0.9696412999915838,0.07284945323518038,0.0,-0.2970208826053634,-0.0002359325689368158,0.9548709696987425,0.0,0.925899466221866,-0.2445316397665712,0.2879486356732269,0.0,0.7253798412212905,-0.16831618873115256,-0.003166757750513442,1.0]", "fov": 32, "aspect": 1, "properties": "[[\"FOV\",32],[\"NAME\",\"Camera 12\"],[\"TIME\",0.5]]"}, {"matrix": "[0.30448665425285226,0.9507655477380377,0.05772993842918289,0.0,-0.29629379411166096,0.03693978963189656,0.9543822174626408,0.0,0.9052612057849722,-0.3077016798573474,0.29295360002649884,0.0,0.7166270538842252,-0.23471997750085272,-0.007786200540920916,1.0]", "fov": 32, "aspect": 1, "properties": "[[\"FOV\",32],[\"NAME\",\"Camera 13\"],[\"TIME\",0.5416666666666666]]"}, {"matrix": "[0.37352683170074147,0.9266257438573176,0.04292387239174239,0.0,-0.2894437472886013,0.07246334067897921,0.9544481883082032,0.0,0.8813058554479342,-0.3689360386631018,0.29527303070236227,0.0,0.6904783528435444,-0.292683558866587,-0.012899819901705393,1.0]", "fov": 32, "aspect": 1, "properties": "[[\"FOV\",32],[\"NAME\",\"Camera 14\"],[\"TIME\",0.5833333333333334]]"}, {"matrix": "[0.4969132199886451,0.8671104860229681,0.03459263239048479,0.0,-0.2716584256211556,0.11757243542421843,0.9551850443133957,0.0,0.8241837959878553,-0.4840414419325298,0.2939811697423445,0.0,0.6623131057242417,-0.3464837147690277,-0.018132247429919864,1.0]", "fov": 32, "aspect": 1, "properties": "[[\"FOV\",32],[\"NAME\",\"Camera 15\"],[\"TIME\",0.625]]"}, {"matrix": "[0.6560228121099344,0.7542051961513195,0.028436429464375447,0.0,-0.23708394383426942,0.170157738642975,0.9564714336634477,0.0,0.7165370314640277,-0.6342088835066844,0.2904372809962077,0.0,0.6208553171927764,-0.39245918552978193,-0.023352174382287875,1.0]", "fov": 32, "aspect": 1, "properties": "[[\"FOV\",32],[\"NAME\",\"Camera 16\"],[\"TIME\",0.6666666666666666]]"}, {"matrix": "[0.7924461768005,0.6098520957399135,0.010463034951824397,0.0,-0.1856502154619382,0.224823993101765,0.9565501573465305,0.0,0.5810017513411159,-0.7599569955978834,0.29138009859048436,0.0,0.5718109843702865,-0.42768316743156204,-0.029620940413365732,1.0]", "fov": 32, "aspect": 1, "properties": "[[\"FOV\",32],[\"NAME\",\"Camera 17\"],[\"TIME\",0.7083333333333334]]"}, {"matrix": "[0.8854710928493366,0.4645743670970304,-0.010563625415290347,0.0,-0.12529615367647204,0.2605794559249562,0.9572874245892483,0.0,0.4474838579008587,-0.8463267719124192,0.2889449633822093,0.0,0.5176666446867495,-0.4647584500949611,-0.034159895690225865,1.0]", "fov": 32, "aspect": 1, "properties": "[[\"FOV\",32],[\"NAME\",\"Camera 18\"],[\"TIME\",0.75]]"}, {"matrix": "[0.938886247630246,0.3422397638486426,-0.03694019626218207,0.0,-0.06416944893192944,0.27944465025425086,0.9580150913116829,0.0,0.33819362262231784,-0.8970967997138346,0.2843280849302621,0.0,0.46397754025681687,-0.4836436132375816,-0.041827167299761644,1.0]", "fov": 32, "aspect": 1, "properties": "[[\"FOV\",32],[\"NAME\",\"Camera 19\"],[\"TIME\",0.7916666666666666]]"}, {"matrix": "[0.9651142537934849,0.25539180426671404,-0.057701494197212586,0.0,-0.015767628268914407,0.27666988577998036,0.9608356820864982,0.0,0.26135381775071403,-0.9264064049175819,0.27104496382139603,0.0,0.4135545595231662,-0.5051887549663622,-0.049019353180299506,1.0]", "fov": 32, "aspect": 1, "properties": "[[\"FOV\",32],[\"NAME\",\"Camera 20\"],[\"TIME\",0.8333333333333334]]"}, {"matrix": "[0.9572977638553394,0.2810406993813439,-0.06780177252802515,0.0,-0.007655008378355425,0.25908261173648695,0.9658248154236234,0.0,0.2890023319666594,-0.9240629212158242,0.2501705726324253,0.0,0.3569901710444863,-0.5142855191776601,-0.05926879585813449,1.0]", "fov": 32, "aspect": 1, "properties": "[[\"FOV\",32],[\"NAME\",\"Camera 21\"],[\"TIME\",0.875]]"}, {"matrix": "[0.9394193075761896,0.34042452819698943,-0.040031707223517767,0.0,-0.032221707756459626,0.2039762935235909,0.9784454235950142,0.0,0.3412523599390293,-0.9178806207860766,0.2025883231307148,0.0,0.31056255511656977,-0.5466368798589762,-0.059738471928939336,1.0]", "fov": 32, "aspect": 1, "properties": "[[\"FOV\",32],[\"NAME\",\"Camera 22\"],[\"TIME\",0.9166666666666666]]"}, {"matrix": "[0.9188615749389372,0.3940912941626925,-0.019633407937392468,0.0,-0.03351582023468806,0.12752976914392303,0.991268328002495,0.0,0.39315403322624604,-0.9101803108782981,0.13039049871069547,0.0,0.2561019748889452,-0.5462180738511909,-0.06002085496726672,1.0]", "fov": 32, "aspect": 1, "properties": "[[\"FOV\",32],[\"NAME\",\"Camera 23\"],[\"TIME\",0.9583333333333334]]"}, {"matrix": "[0.929835035069101,0.3679683144892345,0.00247737246732911,0.0,-0.045529118962623905,0.10836359659539432,0.993068161790634,0.0,0.365149178388353,-0.9235023765973246,0.11751353968235034,0.0,0.1974670960796881,-0.5632189650107083,-0.06349866622597475,1.0]", "fov": 32, "aspect": 1, "properties": "[[\"FOV\",32],[\"NAME\",\"Camera 24\"],[\"TIME\",1.0]]"}], "camera_type": "perspective", "render_height": 540, "render_width": 960, "camera_path": [{"camera_to_world": [-0.6749785489058356, -0.13268611285630094, 0.7258087732708866, 0.295602187517764, 0.7306341096065906, -0.2573162164511672, 0.6324256550345885, 0.45996859297173703, 0.10284825967247793, 0.9571743687555683, 0.27062792288148413, 0.048576684965215285, 0.0, 0.0, 0.0, 1.0], "fov": 32, "aspect": 1}, {"camera_to_world": [-0.6433881831366567, -0.14294572000117917, 0.7520758747105413, 0.3425588584076143, 0.7585663699097513, -0.25134420455194995, 0.6011681469025564, 0.42035725126626117, 0.10309550237806787, 0.9572839795255772, 0.27014570926398773, 0.04743778496026118, 0.0, 0.0, 0.0, 1.0], "fov": 32, "aspect": 1}, {"camera_to_world": [-0.6209585635690761, -0.15004569209468047, 0.769348266187479, 0.4101896792190397, 0.7767635982163502, -0.2494119259554527, 0.578300946423377, 0.3991594637739095, 0.1051130737164754, 0.9567026745941413, 0.27142449643039274, 0.0454745838568014, 0.0, 0.0, 0.0, 1.0], "fov": 32, "aspect": 1}, {"camera_to_world": [-0.6149386943135623, -0.15467639857015675, 0.7732565336907945, 0.4757777155869097, 0.7812947584539633, -0.25243987818211905, 0.5708350151661332, 0.36882130990398126, 0.10690608244727362, 0.9551697733772216, 0.27608291052507355, 0.045669957336071335, 0.0, 0.0, 0.0, 1.0], "fov": 32, "aspect": 1}, {"camera_to_world": [-0.5901944782436338, -0.1640869865047549, 0.790408666022479, 0.5369409410057507, 0.7996835499777919, -0.2526799290908273, 0.54466422761575, 0.3298403949135202, 0.11034809226804151, 0.9535346241585991, 0.28034795753579395, 0.03818062718899682, 0.0, 0.0, 0.0, 1.0], "fov": 32, "aspect": 1}, {"camera_to_world": [-0.5680983528721109, -0.17730239435548936, 0.8036342819758793, 0.5782694037774269, 0.8153040136477242, -0.2541510650958779, 0.5202755227689193, 0.2582290915054423, 0.11199841883173013, 0.950773930573487, 0.28893817063599286, 0.03498527505599672, 0.0, 0.0, 0.0, 1.0], "fov": 32, "aspect": 1}, {"camera_to_world": [-0.5251939700736149, -0.19423151577224088, 0.8285200118341559, 0.6100147253870251, 0.8434555918155602, -0.24801833652786773, 0.4765181616678849, 0.19494328913031334, 0.11293329670195275, 0.9490843346521837, 0.2940834093999937, 0.03200986364306598, 0.0, 0.0, 0.0, 1.0], "fov": 32, "aspect": 1}, {"camera_to_world": [-0.436884005477207, -0.21023184646671578, 0.8746055748096395, 0.648500674830628, 0.891453851350022, -0.23109236501133512, 0.38975163584529454, 0.13656377099964961, 0.12017646367297954, 0.9499468021929423, 0.28837256021561375, 0.026265552621935744, 0.0, 0.0, 0.0, 1.0], "fov": 32, "aspect": 1}, {"camera_to_world": [-0.30194179493768075, -0.23592310489634252, 0.9236728105431514, 0.6733693063799268, 0.9451543605365623, -0.20067313843769616, 0.25770831955734314, 0.08100763955049796, 0.12455697236685113, 0.9508262394784447, 0.2835753377682503, 0.02279713302218526, 0.0, 0.0, 0.0, 1.0], "fov": 32, "aspect": 1}, {"camera_to_world": [-0.05365314854848021, -0.25668732556750695, 0.9650040942123872, 0.6977211745991205, 0.9897657839684544, -0.14164239667702205, 0.017353544492322716, 0.027000666811325468, 0.13223106074430843, 0.9560591455461351, 0.261659906850373, 0.015706836007739235, 0.0, 0.0, 0.0, 1.0], "fov": 32, "aspect": 1}, {"camera_to_world": [0.08435853688694657, -0.2744568242625693, 0.957892003554142, 0.7081306256829524, 0.990087420358006, -0.08525134478133414, -0.11162024390051802, -0.034594139000207434, 0.11229651918500438, 0.9578129468430078, 0.2645445769494936, 0.010618825903989706, 0.0, 0.0, 0.0, 1.0], "fov": 32, "aspect": 1}, {"camera_to_world": [0.17348559679150863, -0.290958405897348, 0.9408750790149871, 0.7340234022413357, 0.980554083211776, -0.03796394964693912, -0.19254195850991726, -0.10056295552773198, 0.09174103718831564, 0.9559821600863317, 0.2787142743863513, 0.004855028906884893, 0.0, 0.0, 0.0, 1.0], "fov": 32, "aspect": 1}, {"camera_to_world": [0.23342822985934814, -0.2970208826053634, 0.925899466221866, 0.7253798412212905, 0.9696412999915838, -0.0002359325689368158, -0.2445316397665712, -0.16831618873115256, 0.07284945323518038, 0.9548709696987425, 0.2879486356732269, -0.003166757750513442, 0.0, 0.0, 0.0, 1.0], "fov": 32, "aspect": 1}, {"camera_to_world": [0.30448665425285226, -0.29629379411166096, 0.9052612057849722, 0.7166270538842252, 0.9507655477380377, 0.03693978963189656, -0.3077016798573474, -0.23471997750085272, 0.05772993842918289, 0.9543822174626408, 0.29295360002649884, -0.007786200540920916, 0.0, 0.0, 0.0, 1.0], "fov": 32, "aspect": 1}, {"camera_to_world": [0.37352683170074147, -0.2894437472886013, 0.8813058554479342, 0.6904783528435444, 0.9266257438573176, 0.07246334067897921, -0.3689360386631018, -0.292683558866587, 0.04292387239174239, 0.9544481883082032, 0.29527303070236227, -0.012899819901705393, 0.0, 0.0, 0.0, 1.0], "fov": 32, "aspect": 1}, {"camera_to_world": [0.4969132199886451, -0.2716584256211556, 0.8241837959878553, 0.6623131057242417, 0.8671104860229681, 0.11757243542421843, -0.4840414419325298, -0.3464837147690277, 0.03459263239048479, 0.9551850443133957, 0.2939811697423445, -0.018132247429919864, 0.0, 0.0, 0.0, 1.0], "fov": 32, "aspect": 1}, {"camera_to_world": [0.6560228121099344, -0.23708394383426942, 0.7165370314640277, 0.6208553171927764, 0.7542051961513195, 0.170157738642975, -0.6342088835066844, -0.39245918552978193, 0.028436429464375447, 0.9564714336634477, 0.2904372809962077, -0.023352174382287875, 0.0, 0.0, 0.0, 1.0], "fov": 32, "aspect": 1}, {"camera_to_world": [0.7924461768005, -0.1856502154619382, 0.5810017513411159, 0.5718109843702865, 0.6098520957399135, 0.224823993101765, -0.7599569955978834, -0.42768316743156204, 0.010463034951824397, 0.9565501573465305, 0.29138009859048436, -0.029620940413365732, 0.0, 0.0, 0.0, 1.0], "fov": 32, "aspect": 1}, {"camera_to_world": [0.8854710928493366, -0.12529615367647204, 0.4474838579008587, 0.5176666446867495, 0.4645743670970304, 0.2605794559249562, -0.8463267719124192, -0.4647584500949611, -0.010563625415290347, 0.9572874245892483, 0.2889449633822093, -0.034159895690225865, 0.0, 0.0, 0.0, 1.0], "fov": 32, "aspect": 1}, {"camera_to_world": [0.938886247630246, -0.06416944893192944, 0.33819362262231784, 0.46397754025681687, 0.3422397638486426, 0.27944465025425086, -0.8970967997138346, -0.4836436132375816, -0.03694019626218207, 0.9580150913116829, 0.2843280849302621, -0.041827167299761644, 0.0, 0.0, 0.0, 1.0], "fov": 32, "aspect": 1}, {"camera_to_world": [0.9651142537934849, -0.015767628268914407, 0.26135381775071403, 0.4135545595231662, 0.25539180426671404, 0.27666988577998036, -0.9264064049175819, -0.5051887549663622, -0.057701494197212586, 0.9608356820864982, 0.27104496382139603, -0.049019353180299506, 0.0, 0.0, 0.0, 1.0], "fov": 32, "aspect": 1}, {"camera_to_world": [0.9572977638553394, -0.007655008378355425, 0.2890023319666594, 0.3569901710444863, 0.2810406993813439, 0.25908261173648695, -0.9240629212158242, -0.5142855191776601, -0.06780177252802515, 0.9658248154236234, 0.2501705726324253, -0.05926879585813449, 0.0, 0.0, 0.0, 1.0], "fov": 32, "aspect": 1}, {"camera_to_world": [0.9394193075761896, -0.032221707756459626, 0.3412523599390293, 0.31056255511656977, 0.34042452819698943, 0.2039762935235909, -0.9178806207860766, -0.5466368798589762, -0.040031707223517767, 0.9784454235950142, 0.2025883231307148, -0.059738471928939336, 0.0, 0.0, 0.0, 1.0], "fov": 32, "aspect": 1}, {"camera_to_world": [0.9188615749389372, -0.03351582023468806, 0.39315403322624604, 0.2561019748889452, 0.3940912941626925, 0.12752976914392303, -0.9101803108782981, -0.5462180738511909, -0.019633407937392468, 0.991268328002495, 0.13039049871069547, -0.06002085496726672, 0.0, 0.0, 0.0, 1.0], "fov": 32, "aspect": 1}, {"camera_to_world": [0.929835035069101, -0.045529118962623905, 0.365149178388353, 0.1974670960796881, 0.3679683144892345, 0.10836359659539432, -0.9235023765973246, -0.5632189650107083, 0.00247737246732911, 0.993068161790634, 0.11751353968235034, -0.06349866622597475, 0.0, 0.0, 0.0, 1.0], "fov": 32, "aspect": 1}], "fps": 30.0, "seconds": 0.8333333333333334, "smoothness_value": 0.5, "is_cycle": false, "crop": null}