{
    "camera_angle_x": 0.6911112070083618,
    "frames": [
        {
            "file_path": "./train/r_0",
            "rotation": 0.012566370614359171,
            "transform_matrix": [
                [
                    -0.9903792142868042,
                    -0.023305540904402733,
                    0.13640420138835907,
                    0.5498628616333008
                ],
                [
                    0.13838082551956177,
                    -0.16679565608501434,
                    0.976232647895813,
                    3.935319185256958
                ],
                [
                    -1.862645371275562e-09,
                    0.9857159852981567,
                    0.16841599345207214,
                    0.6789065003395081
                ],
                [
                    0.0,
                    0.0,
                    0.0,
                    1.0
                ]
            ]
        },
        {
            "file_path": "./train/r_1",
            "rotation": 0.012566370614359171,
            "transform_matrix": [
                [
                    0.9947428703308105,
                    0.014273494482040405,
                    -0.10140512883663177,
                    -0.4087770879268646
                ],
                [
                    -0.10240474343299866,
                    0.13865038752555847,
                    -0.9850327372550964,
                    -3.9707934856414795
                ],
                [
                    9.313225746154785e-10,
                    0.9902384877204895,
                    0.13938315212726593,
                    0.5618714094161987
                ],
                [
                    0.0,
                    0.0,
                    0.0,
                    1.0
                ]
            ]
        },
        {
            "file_path": "./train/r_2",
            "rotation": 0.012566370614359171,
            "transform_matrix": [
                [
                    0.9347274303436279,
                    -0.13564807176589966,
                    0.32845768332481384,
                    1.3240551948547363
                ],
                [
                    0.3553657829761505,
                    0.3567984700202942,
                    -0.8639503717422485,
                    -3.4826948642730713
                ],
                [
                    0.0,
                    0.9242804646492004,
                    0.38171401619911194,
                    1.5387381315231323
                ],
                [
                    0.0,
                    0.0,
                    0.0,
                    1.0
                ]
            ]
        },
        {
            "file_path": "./train/r_3",
            "rotation": 0.012566370614359171,
            "transform_matrix": [
                [
                    -0.5578781366348267,
                    0.5422987937927246,
                    -0.6282389163970947,
                    -2.5325119495391846
                ],
                [
                    -0.829923152923584,
                    -0.36453577876091003,
                    0.4223051369190216,
                    1.7023662328720093
                ],
                [
                    -1.4901164746561335e-08,
                    0.7569846510887146,
                    0.6534327268600464,
                    2.6340713500976562
                ],
                [
                    0.0,
                    0.0,
                    0.0,
                    1.0
                ]
            ]
        },
        {
            "file_path": "./train/r_4",
            "rotation": 0.012566370614359171,
            "transform_matrix": [
                [
                    0.8626796007156372,
                    -0.4161425530910492,
                    0.28741881251335144,
                    1.158622145652771
                ],
                [
                    0.5057512521743774,
                    0.7098305821418762,
                    -0.4902614951133728,
                    -1.9763070344924927
                ],
                [
                    1.4901164746561335e-08,
                    0.5683008432388306,
                    0.8228209614753723,
                    3.316896915435791
                ],
                [
                    0.0,
                    0.0,
                    0.0,
                    1.0
                ]
            ]
        },
        {
            "file_path": "./train/r_5",
            "rotation": 0.012566370614359171,
            "transform_matrix": [
                [
                    -0.24705657362937927,
                    0.013771108351647854,
                    -0.9689033031463623,
                    -3.905773639678955
                ],
                [
                    -0.9690011143684387,
                    -0.003511082148179412,
                    0.24703162908554077,
                    0.9958162307739258
                ],
                [
                    2.3283064365386963e-10,
                    0.9998990893363953,
                    0.014211654663085938,
                    0.0572890043258667
                ],
                [
                    0.0,
                    0.0,
                    0.0,
                    1.0
                ]
            ]
        },
        {
            "file_path": "./train/r_6",
            "rotation": 0.012566370614359171,
            "transform_matrix": [
                [
                    0.4361169636249542,
                    -0.5580082535743713,
                    0.7059950232505798,
                    2.845956802368164
                ],
                [
                    0.8998901844024658,
                    0.2704295217990875,
                    -0.3421488404273987,
                    -1.3792459964752197
                ],
                [
                    -2.980232594040899e-08,
                    0.784534752368927,
                    0.6200849413871765,
                    2.4996421337127686
                ],
                [
                    0.0,
                    0.0,
                    0.0,
                    1.0
                ]
            ]
        },
        {
            "file_path": "./train/r_7",
            "rotation": 0.012566370614359171,
            "transform_matrix": [
                [
                    -0.6774958968162537,
                    -0.1072375625371933,
                    -0.7276671528816223,
                    -2.9333200454711914
                ],
                [
                    -0.7355266809463501,
                    0.09877684712409973,
                    0.6702564358711243,
                    2.701890230178833
                ],
                [
                    0.0,
                    0.9893144965171814,
                    -0.1457969844341278,
                    -0.5877264142036438
                ],
                [
                    0.0,
                    0.0,
                    0.0,
                    1.0
                ]
            ]
        },
        {
            "file_path": "./train/r_8",
            "rotation": 0.012566370614359171,
            "transform_matrix": [
                [
                    -0.9588800072669983,
                    -0.002596308011561632,
                    -0.2837999761104584,
                    -1.1440341472625732
                ],
                [
                    -0.2838118374347687,
                    0.008771825581789017,
                    0.958840012550354,
                    3.8652071952819824
                ],
                [
                    0.0,
                    0.9999581575393677,
                    -0.009147991426289082,
                    -0.03687673062086105
                ],
                [
                    0.0,
                    0.0,
                    0.0,
                    1.0
                ]
            ]
        },
        {
            "file_path": "./train/r_9",
            "rotation": 0.012566370614359171,
            "transform_matrix": [
                [
                    0.8848505020141602,
                    0.42693036794662476,
                    -0.1864679753780365,
                    -0.7516764402389526
                ],
                [
                    -0.46587538719177246,
                    0.8108810782432556,
                    -0.3541639447212219,
                    -1.427680492401123
                ],
                [
                    0.0,
                    0.4002528488636017,
                    0.916404664516449,
                    3.694145441055298
                ],
                [
                    0.0,
                    0.0,
                    0.0,
                    1.0
                ]
            ]
        },
        {
            "file_path": "./train/r_10",
            "rotation": 0.012566370614359171,
            "transform_matrix": [
                [
                    -0.986207127571106,
                    0.14752668142318726,
                    0.07504495233297348,
                    0.30251583456993103
                ],
                [
                    0.16551697254180908,
                    0.8790146708488464,
                    0.4471436142921448,
                    1.8024933338165283
                ],
                [
                    0.0,
                    0.4533972144126892,
                    -0.891308605670929,
                    -3.5929794311523438
                ],
                [
                    0.0,
                    0.0,
                    0.0,
                    1.0
                ]
            ]
        },
        {
            "file_path": "./train/r_11",
            "rotation": 0.012566370614359171,
            "transform_matrix": [
                [
                    -0.3959299921989441,
                    0.053933996707201004,
                    0.9166954755783081,
                    3.6953177452087402
                ],
                [
                    0.9182809591293335,
                    0.02325441502034664,
                    0.39524638652801514,
                    1.5932891368865967
                ],
                [
                    0.0,
                    0.9982736110687256,
                    -0.05873367190361023,
                    -0.23676300048828125
                ],
                [
                    0.0,
                    0.0,
                    0.0,
                    1.0
                ]
            ]
        },
        {
            "file_path": "./train/r_12",
            "rotation": 0.012566370614359171,
            "transform_matrix": [
                [
                    -0.7826273441314697,
                    -0.21870893239974976,
                    0.5828045010566711,
                    2.3493597507476807
                ],
                [
                    0.6224907040596008,
                    -0.2749720811843872,
                    0.7327316999435425,
                    2.953735828399658
                ],
                [
                    0.0,
                    0.9362460970878601,
                    0.3513449430465698,
                    1.4163166284561157
                ],
                [
                    0.0,
                    0.0,
                    0.0,
                    1.0
                ]
            ]
        },
        {
            "file_path": "./train/r_13",
            "rotation": 0.012566370614359171,
            "transform_matrix": [
                [
                    -0.6834653615951538,
                    -0.29064247012138367,
                    -0.669628381729126,
                    -2.6993582248687744
                ],
                [
                    -0.7299830317497253,
                    0.27212145924568176,
                    0.6269567608833313,
                    2.527343273162842
                ],
                [
                    -1.4901164746561335e-08,
                    0.9173204302787781,
                    -0.398149698972702,
                    -1.6049925088882446
                ],
                [
                    0.0,
                    0.0,
                    0.0,
                    1.0
                ]
            ]
        },
        {
            "file_path": "./train/r_14",
            "rotation": 0.012566370614359171,
            "transform_matrix": [
                [
                    0.998323380947113,
                    -0.05769515037536621,
                    -0.004667821805924177,
                    -0.018816590309143066
                ],
                [
                    -0.057883672416210175,
                    -0.9950720071792603,
                    -0.08050622791051865,
                    -0.3245309591293335
                ],
                [
                    0.0,
                    0.0806414932012558,
                    -0.9967432618141174,
                    -4.01800012588501
                ],
                [
                    0.0,
                    0.0,
                    0.0,
                    1.0
                ]
            ]
        },
        {
            "file_path": "./train/r_15",
            "rotation": 0.012566370614359171,
            "transform_matrix": [
                [
                    0.8931497931480408,
                    -0.15285567939281464,
                    0.42298802733421326,
                    1.7051187753677368
                ],
                [
                    0.4497596025466919,
                    0.30354663729667664,
                    -0.8399857878684998,
                    -3.386090040206909
                ],
                [
                    0.0,
                    0.9404757022857666,
                    0.3398609757423401,
                    1.3700231313705444
                ],
                [
                    0.0,
                    0.0,
                    0.0,
                    1.0
                ]
            ]
        },
        {
            "file_path": "./train/r_16",
            "rotation": 0.012566370614359171,
            "transform_matrix": [
                [
                    0.9871082901954651,
                    0.0010874676518142223,
                    -0.16005082428455353,
                    -0.6451854705810547
                ],
                [
                    -0.1600545197725296,
                    0.006706766784191132,
                    -0.9870855212211609,
                    -3.9790685176849365
                ],
                [
                    0.0,
                    0.9999769926071167,
                    0.006794359069317579,
                    0.027388934046030045
                ],
                [
                    0.0,
                    0.0,
                    0.0,
                    1.0
                ]
            ]
        },
        {
            "file_path": "./train/r_17",
            "rotation": 0.012566370614359171,
            "transform_matrix": [
                [
                    -0.9999814629554749,
                    0.0003989805409219116,
                    0.006085424218326807,
                    0.024531126022338867
                ],
                [
                    0.006098488811403513,
                    0.06542164087295532,
                    0.9978392124176025,
                    4.022418022155762
                ],
                [
                    -2.9103830456733704e-11,
                    0.9978575706481934,
                    -0.06542287021875381,
                    -0.26372799277305603
                ],
                [
                    0.0,
                    0.0,
                    0.0,
                    1.0
                ]
            ]
        },
        {
            "file_path": "./train/r_18",
            "rotation": 0.012566370614359171,
            "transform_matrix": [
                [
                    0.9953925609588623,
                    -0.015398191288113594,
                    -0.09464068710803986,
                    -0.3815087378025055
                ],
                [
                    -0.09588516503572464,
                    -0.15985003113746643,
                    -0.9824735522270203,
                    -3.960477113723755
                ],
                [
                    -9.31322685637781e-10,
                    0.987021267414093,
                    -0.16058996319770813,
                    -0.647358775138855
                ],
                [
                    0.0,
                    0.0,
                    0.0,
                    1.0
                ]
            ]
        },
        {
            "file_path": "./train/r_19",
            "rotation": 0.012566370614359171,
            "transform_matrix": [
                [
                    0.9928368330001831,
                    0.011559740640223026,
                    0.11891898512840271,
                    0.47937771677970886
                ],
                [
                    0.11947951465845108,
                    -0.09605777263641357,
                    -0.9881790280342102,
                    -3.9834766387939453
                ],
                [
                    -9.313227966600834e-10,
                    0.995308518409729,
                    -0.09675086289644241,
                    -0.3900151550769806
                ],
                [
                    0.0,
                    0.0,
                    0.0,
                    1.0
                ]
            ]
        },
        {
            "file_path": "./train/r_20",
            "rotation": 0.012566370614359171,
            "transform_matrix": [
                [
                    -0.2572469711303711,
                    0.13419635593891144,
                    0.9569823741912842,
                    3.8577194213867188
                ],
                [
                    0.9663459062576294,
                    0.03572385758161545,
                    0.25475433468818665,
                    1.0269476175308228
                ],
                [
                    3.725291630729544e-09,
                    0.990310549736023,
                    -0.13886992633342743,
                    -0.5598025918006897
                ],
                [
                    0.0,
                    0.0,
                    0.0,
                    1.0
                ]
            ]
        },
        {
            "file_path": "./train/r_21",
            "rotation": 0.012566370614359171,
            "transform_matrix": [
                [
                    0.7269603610038757,
                    -0.17190085351467133,
                    -0.6648149490356445,
                    -2.6799545288085938
                ],
                [
                    -0.6866796016693115,
                    -0.18198458850383759,
                    -0.7038131356239319,
                    -2.8371613025665283
                ],
                [
                    7.450581485102248e-09,
                    0.9681588411331177,
                    -0.2503363788127899,
                    -1.0091381072998047
                ],
                [
                    0.0,
                    0.0,
                    0.0,
                    1.0
                ]
            ]
        },
        {
            "file_path": "./train/r_22",
            "rotation": 0.012566370614359171,
            "transform_matrix": [
                [
                    -0.5661349296569824,
                    -0.24646583199501038,
                    0.7866041660308838,
                    3.1709022521972656
                ],
                [
                    0.8243128657341003,
                    -0.1692718118429184,
                    0.54023677110672,
                    2.1777639389038086
                ],
                [
                    0.0,
                    0.9542544484138489,
                    0.29899561405181885,
                    1.2052897214889526
                ],
                [
                    0.0,
                    0.0,
                    0.0,
                    1.0
                ]
            ]
        },
        {
            "file_path": "./train/r_23",
            "rotation": 0.012566370614359171,
            "transform_matrix": [
                [
                    -0.9994469881057739,
                    -0.015455220825970173,
                    0.02944752760231495,
                    0.11870676279067993
                ],
                [
                    0.0332568921148777,
                    -0.46446534991264343,
                    0.8849667310714722,
                    3.5674145221710205
                ],
                [
                    9.31322685637781e-10,
                    0.8854565024375916,
                    0.4647224545478821,
                    1.8733558654785156
                ],
                [
                    0.0,
                    0.0,
                    0.0,
                    1.0
                ]
            ]
        },
        {
            "file_path": "./train/r_24",
            "rotation": 0.012566370614359171,
            "transform_matrix": [
                [
                    -0.00281046936288476,
                    -0.4055250883102417,
                    -0.9140797853469849,
                    -3.684772491455078
                ],
                [
                    -0.9999962449073792,
                    0.001139720086939633,
                    0.0025690027978271246,
                    0.010355979204177856
                ],
                [
                    0.0,
                    0.9140831232070923,
                    -0.4055268466472626,
                    -1.634730577468872
                ],
                [
                    0.0,
                    0.0,
                    0.0,
                    1.0
                ]
            ]
        },
        {
            "file_path": "./train/r_25",
            "rotation": 0.012566370614359171,
            "transform_matrix": [
                [
                    0.40092355012893677,
                    -0.5279554128646851,
                    0.7486811876296997,
                    3.0180301666259766
                ],
                [
                    0.9161117672920227,
                    0.23105232417583466,
                    -0.32764989137649536,
                    -1.3207988739013672
                ],
                [
                    0.0,
                    0.8172379732131958,
                    0.5763004422187805,
                    2.323141098022461
                ],
                [
                    0.0,
                    0.0,
                    0.0,
                    1.0
                ]
            ]
        },
        {
            "file_path": "./train/r_26",
            "rotation": 0.012566370614359171,
            "transform_matrix": [
                [
                    0.9142231941223145,
                    0.21533648669719696,
                    0.34325867891311646,
                    1.3837199211120605
                ],
                [
                    0.405211478471756,
                    -0.48583418130874634,
                    -0.7744475603103638,
                    -3.1218974590301514
                ],
                [
                    -1.4901162970204496e-08,
                    0.8471099734306335,
                    -0.5314176082611084,
                    -2.1422126293182373
                ],
                [
                    0.0,
                    0.0,
                    0.0,
                    1.0
                ]
            ]
        },
        {
            "file_path": "./train/r_27",
            "rotation": 0.012566370614359171,
            "transform_matrix": [
                [
                    0.4747942090034485,
                    0.16377107799053192,
                    -0.8647251129150391,
                    -3.485818386077881
                ],
                [
                    -0.8800970315933228,
                    0.08835112303495407,
                    -0.4665014147758484,
                    -1.880527377128601
                ],
                [
                    0.0,
                    0.9825340509414673,
                    0.18608300387859344,
                    0.7501245737075806
                ],
                [
                    0.0,
                    0.0,
                    0.0,
                    1.0
                ]
            ]
        },
        {
            "file_path": "./train/r_28",
            "rotation": 0.012566370614359171,
            "transform_matrix": [
                [
                    0.9661452770233154,
                    -0.059949394315481186,
                    0.2509375512599945,
                    1.011561632156372
                ],
                [
                    0.2579992115497589,
                    0.22449611127376556,
                    -0.9397009611129761,
                    -3.788055658340454
                ],
                [
                    0.0,
                    0.972629189491272,
                    0.232362762093544,
                    0.936684250831604
                ],
                [
                    0.0,
                    0.0,
                    0.0,
                    1.0
                ]
            ]
        },
        {
            "file_path": "./train/r_29",
            "rotation": 0.012566370614359171,
            "transform_matrix": [
                [
                    -0.6096402406692505,
                    0.007693886756896973,
                    0.7926410436630249,
                    3.195237874984741
                ],
                [
                    0.7926783561706543,
                    0.005917284172028303,
                    0.6096115112304688,
                    2.4574222564697266
                ],
                [
                    -4.656612873077393e-10,
                    0.9999529123306274,
                    -0.009706190787255764,
                    -0.03912690281867981
                ],
                [
                    0.0,
                    0.0,
                    0.0,
                    1.0
                ]
            ]
        },
        {
            "file_path": "./train/r_30",
            "rotation": 0.012566370614359171,
            "transform_matrix": [
                [
                    -0.768254816532135,
                    -0.3680342435836792,
                    -0.5237706899642944,
                    -2.111387014389038
                ],
                [
                    -0.6401445269584656,
                    0.44168782234191895,
                    0.6285912990570068,
                    2.5339324474334717
                ],
                [
                    0.0,
                    0.8182069659233093,
                    -0.5749238133430481,
                    -2.317591667175293
                ],
                [
                    0.0,
                    0.0,
                    0.0,
                    1.0
                ]
            ]
        },
        {
            "file_path": "./train/r_31",
            "rotation": 0.012566370614359171,
            "transform_matrix": [
                [
                    0.4784068465232849,
                    0.5377053022384644,
                    0.6942621469497681,
                    2.7986600399017334
                ],
                [
                    0.8781383037567139,
                    -0.29294008016586304,
                    -0.3782317340373993,
                    -1.52470064163208
                ],
                [
                    1.4901162970204496e-08,
                    0.7906067371368408,
                    -0.6123242378234863,
                    -2.468357801437378
                ],
                [
                    0.0,
                    0.0,
                    0.0,
                    1.0
                ]
            ]
        },
        {
            "file_path": "./train/r_32",
            "rotation": 0.012566370614359171,
            "transform_matrix": [
                [
                    -0.8845512866973877,
                    -0.07919196784496307,
                    0.4596715271472931,
                    1.8529951572418213
                ],
                [
                    0.4664433002471924,
                    -0.15017765760421753,
                    0.8717094659805298,
                    3.5139732360839844
                ],
                [
                    7.450581485102248e-09,
                    0.9854822754859924,
                    0.16977837681770325,
                    0.6843985319137573
                ],
                [
                    0.0,
                    0.0,
                    0.0,
                    1.0
                ]
            ]
        },
        {
            "file_path": "./train/r_33",
            "rotation": 0.012566370614359171,
            "transform_matrix": [
                [
                    0.37672650814056396,
                    -0.12228747457265854,
                    -0.9182174205780029,
                    -3.7014522552490234
                ],
                [
                    -0.9263246655464172,
                    -0.04973302781581879,
                    -0.3734293282032013,
                    -1.505341649055481
                ],
                [
                    0.0,
                    0.9912477731704712,
                    -0.13201366364955902,
                    -0.5321640372276306
                ],
                [
                    0.0,
                    0.0,
                    0.0,
                    1.0
                ]
            ]
        },
        {
            "file_path": "./train/r_34",
            "rotation": 0.012566370614359171,
            "transform_matrix": [
                [
                    0.9827767014503479,
                    0.01778804510831833,
                    0.18394003808498383,
                    0.7414859533309937
                ],
                [
                    0.18479815125465393,
                    -0.09459874778985977,
                    -0.9782131314277649,
                    -3.943302869796753
                ],
                [
                    -1.862645593320167e-09,
                    0.9953565001487732,
                    -0.09625665098428726,
                    -0.38802289962768555
                ],
                [
                    0.0,
                    0.0,
                    0.0,
                    1.0
                ]
            ]
        },
        {
            "file_path": "./train/r_35",
            "rotation": 0.012566370614359171,
            "transform_matrix": [
                [
                    -0.026352044194936752,
                    -0.03255157917737961,
                    0.9991226196289062,
                    4.027592182159424
                ],
                [
                    0.9996528625488281,
                    -0.0008580985013395548,
                    0.026338066905736923,
                    0.10617214441299438
                ],
                [
                    0.0,
                    0.9994696974754333,
                    0.03256288543343544,
                    0.13126519322395325
                ],
                [
                    0.0,
                    0.0,
                    0.0,
                    1.0
                ]
            ]
        },
        {
            "file_path": "./train/r_36",
            "rotation": 0.012566370614359171,
            "transform_matrix": [
                [
                    0.9999904632568359,
                    -0.0007446963572874665,
                    0.004344231449067593,
                    0.017512157559394836
                ],
                [
                    0.00440759863704443,
                    0.16895577311515808,
                    -0.9856137633323669,
                    -3.9731361865997314
                ],
                [
                    0.0,
                    0.985623300075531,
                    0.1689574271440506,
                    0.6810891628265381
                ],
                [
                    0.0,
                    0.0,
                    0.0,
                    1.0
                ]
            ]
        },
        {
            "file_path": "./train/r_37",
            "rotation": 0.012566370614359171,
            "transform_matrix": [
                [
                    -0.725050151348114,
                    -0.6726968288421631,
                    -0.14758482575416565,
                    -0.5949333906173706
                ],
                [
                    -0.6886960864067078,
                    0.7082063555717468,
                    0.15537534654140472,
                    0.626338005065918
                ],
                [
                    7.450581485102248e-09,
                    0.21429592370986938,
                    -0.9767688512802124,
                    -3.9374806880950928
                ],
                [
                    0.0,
                    0.0,
                    0.0,
                    1.0
                ]
            ]
        },
        {
            "file_path": "./train/r_38",
            "rotation": 0.012566370614359171,
            "transform_matrix": [
                [
                    -0.8886450529098511,
                    0.25323668122291565,
                    -0.38233694434165955,
                    -1.5412492752075195
                ],
                [
                    -0.4585961699485779,
                    -0.4907096028327942,
                    0.7408736944198608,
                    2.9865572452545166
                ],
                [
                    0.0,
                    0.8337118029594421,
                    0.5521999001502991,
                    2.2259888648986816
                ],
                [
                    0.0,
                    0.0,
                    0.0,
                    1.0
                ]
            ]
        },
        {
            "file_path": "./train/r_39",
            "rotation": 0.012566370614359171,
            "transform_matrix": [
                [
                    0.8431094884872437,
                    0.2733651101589203,
                    0.46307459473609924,
                    1.8667134046554565
                ],
                [
                    0.5377421379089355,
                    -0.4286007881164551,
                    -0.7260404825210571,
                    -2.926762819290161
                ],
                [
                    0.0,
                    0.8611462712287903,
                    -0.5083572268486023,
                    -2.049253463745117
                ],
                [
                    0.0,
                    0.0,
                    0.0,
                    1.0
                ]
            ]
        },
        {
            "file_path": "./train/r_40",
            "rotation": 0.012566370614359171,
            "transform_matrix": [
                [
                    0.9784722924232483,
                    0.06018760800361633,
                    0.19740769267082214,
                    0.7957756519317627
                ],
                [
                    0.20637913048267365,
                    -0.28535786271095276,
                    -0.9359374642372131,
                    -3.772883653640747
                ],
                [
                    0.0,
                    0.9565293192863464,
                    -0.291636198759079,
                    -1.175622820854187
                ],
                [
                    0.0,
                    0.0,
                    0.0,
                    1.0
                ]
            ]
        },
        {
            "file_path": "./train/r_41",
            "rotation": 0.012566370614359171,
            "transform_matrix": [
                [
                    -0.2604670226573944,
                    -0.3373940587043762,
                    -0.9046118259429932,
                    -3.646605968475342
                ],
                [
                    -0.9654828906059265,
                    0.0910218358039856,
                    0.24404528737068176,
                    0.9837777614593506
                ],
                [
                    0.0,
                    0.9369527101516724,
                    -0.3494563400745392,
                    -1.408703327178955
                ],
                [
                    0.0,
                    0.0,
                    0.0,
                    1.0
                ]
            ]
        },
        {
            "file_path": "./train/r_42",
            "rotation": 0.012566370614359171,
            "transform_matrix": [
                [
                    0.510986328125,
                    0.12850500643253326,
                    0.8499290943145752,
                    3.426173686981201
                ],
                [
                    0.8595889806747437,
                    -0.0763903483748436,
                    -0.5052439570426941,
                    -2.036703586578369
                ],
                [
                    0.0,
                    0.9887623190879822,
                    -0.1494958996772766,
                    -0.6026372313499451
                ],
                [
                    0.0,
                    0.0,
                    0.0,
                    1.0
                ]
            ]
        },
        {
            "file_path": "./train/r_43",
            "rotation": 0.012566370614359171,
            "transform_matrix": [
                [
                    0.3897985517978668,
                    0.22846198081970215,
                    0.8921112418174744,
                    3.596215009689331
                ],
                [
                    0.9209003448486328,
                    -0.09670335054397583,
                    -0.3776127099990845,
                    -1.5222052335739136
                ],
                [
                    0.0,
                    0.9687380790710449,
                    -0.24808552861213684,
                    -1.0000646114349365
                ],
                [
                    0.0,
                    0.0,
                    0.0,
                    1.0
                ]
            ]
        },
        {
            "file_path": "./train/r_44",
            "rotation": 0.012566370614359171,
            "transform_matrix": [
                [
                    -0.014332128688693047,
                    0.4022676348686218,
                    -0.915410041809082,
                    -3.6901354789733887
                ],
                [
                    -0.9998974204063416,
                    -0.005765942856669426,
                    0.013121120631694794,
                    0.05289292335510254
                ],
                [
                    0.0,
                    0.915503978729248,
                    0.40230897068977356,
                    1.621759057044983
                ],
                [
                    0.0,
                    0.0,
                    0.0,
                    1.0
                ]
            ]
        },
        {
            "file_path": "./train/r_45",
            "rotation": 0.012566370614359171,
            "transform_matrix": [
                [
                    -0.9655335545539856,
                    0.038228996098041534,
                    -0.25745660066604614,
                    -1.0378406047821045
                ],
                [
