{
    "camera_angle_x": 0.6194058656692505,
    "frames": [
        {
            "file_path": "./train/r_0",
            "rotation": 0.012566370614359171,
            "transform_matrix": [
                [
                    0.22170037031173706,
                    0.8421244025230408,
                    -0.4916049838066101,
                    -1.9817228317260742
                ],
                [
                    -0.9751149415969849,
                    0.1914638727903366,
                    -0.11177042126655579,
                    -0.45056092739105225
                ],
                [
                    0.0,
                    0.5041508078575134,
                    0.8636157512664795,
                    3.4813458919525146
                ],
                [
                    0.0,
                    0.0,
                    0.0,
                    1.0
                ]
            ]
        },
        {
            "file_path": "./train/r_1",
            "rotation": 0.012566370614359171,
            "transform_matrix": [
                [
                    0.039040111005306244,
                    0.7863055467605591,
                    -0.6166033148765564,
                    -2.485607147216797
                ],
                [
                    -0.9992378354072571,
                    0.030720870941877365,
                    -0.02409062534570694,
                    -0.09711240231990814
                ],
                [
                    0.0,
                    0.6170737743377686,
                    0.7869054675102234,
                    3.172116994857788
                ],
                [
                    0.0,
                    0.0,
                    0.0,
                    1.0
                ]
            ]
        },
        {
            "file_path": "./train/r_2",
            "rotation": 0.012566370614359171,
            "transform_matrix": [
                [
                    0.27897968888282776,
                    -0.9595481157302856,
                    0.03791641816496849,
                    0.15284594893455505
                ],
                [
                    0.960297167301178,
                    0.2787621021270752,
                    -0.01101524755358696,
                    -0.04440388083457947
                ],
                [
                    0.0,
                    0.03948478400707245,
                    0.9992203712463379,
                    4.027985572814941
                ],
                [
                    0.0,
                    0.0,
                    0.0,
                    1.0
                ]
            ]
        },
        {
            "file_path": "./train/r_3",
            "rotation": 0.012566370614359171,
            "transform_matrix": [
                [
                    -0.7553181648254395,
                    -0.33101558685302734,
                    0.5656178593635559,
                    2.280078172683716
                ],
                [
                    0.655358612537384,
                    -0.38150420784950256,
                    0.6518895030021667,
                    2.627850294113159
                ],
                [
                    -1.4901162970204496e-08,
                    0.8630663752555847,
                    0.5050908327102661,
                    2.036086082458496
                ],
                [
                    0.0,
                    0.0,
                    0.0,
                    1.0
                ]
            ]
        },
        {
            "file_path": "./train/r_4",
            "rotation": 0.012566370614359171,
            "transform_matrix": [
                [
                    0.9510930180549622,
                    0.28062090277671814,
                    -0.1291293203830719,
                    -0.5205368995666504
                ],
                [
                    -0.30890533328056335,
                    0.8640077710151672,
                    -0.3975781202316284,
                    -1.6026884317398071
                ],
                [
                    0.0,
                    0.4180225729942322,
                    0.9084367752075195,
                    3.6620254516601562
                ],
                [
                    0.0,
                    0.0,
                    0.0,
                    1.0
                ]
            ]
        },
        {
            "file_path": "./train/r_5",
            "rotation": 0.012566370614359171,
            "transform_matrix": [
                [
                    -0.08179007470607758,
                    -0.9763725399971008,
                    0.20001797378063202,
                    0.806298017501831
                ],
                [
                    0.9966498017311096,
                    -0.08012602478265762,
                    0.016414476558566093,
                    0.06616885960102081
                ],
                [
                    1.862645593320167e-09,
                    0.20069023966789246,
                    0.9796549081802368,
                    3.9491143226623535
                ],
                [
                    0.0,
                    0.0,
                    0.0,
                    1.0
                ]
            ]
        },
        {
            "file_path": "./train/r_6",
            "rotation": 0.012566370614359171,
            "transform_matrix": [
                [
                    -0.1076582819223404,
                    0.4600231349468231,
                    -0.8813561201095581,
                    -3.5528597831726074
                ],
                [
                    -0.994188129901886,
                    -0.04981481656432152,
                    0.09543997049331665,
                    0.3847307562828064
                ],
                [
                    0.0,
                    0.8865084648132324,
                    0.46271249651908875,
                    1.8652534484863281
                ],
                [
                    0.0,
                    0.0,
                    0.0,
                    1.0
                ]
            ]
        },
        {
            "file_path": "./train/r_7",
            "rotation": 0.012566370614359171,
            "transform_matrix": [
                [
                    0.9275531768798828,
                    -0.3422110676765442,
                    0.15012326836585999,
                    0.6051661968231201
                ],
                [
                    0.373691588640213,
                    0.8494142889976501,
                    -0.37262630462646484,
                    -1.5021045207977295
                ],
                [
                    0.0,
                    0.401730477809906,
                    0.9157580733299255,
                    3.6915383338928223
                ],
                [
                    0.0,
                    0.0,
                    0.0,
                    1.0
                ]
            ]
        },
        {
            "file_path": "./train/r_8",
            "rotation": 0.012566370614359171,
            "transform_matrix": [
                [
                    -0.2798376679420471,
                    0.319762647151947,
                    -0.9052308797836304,
                    -3.649101972579956
                ],
                [
                    -0.9600474834442139,
                    -0.09320541471242905,
                    0.2638595402240753,
                    1.06365168094635
                ],
                [
                    7.450582373280668e-09,
                    0.9429023265838623,
                    0.33306965231895447,
                    1.342646598815918
                ],
                [
                    0.0,
                    0.0,
                    0.0,
                    1.0
                ]
            ]
        },
        {
            "file_path": "./train/r_9",
            "rotation": 0.012566370614359171,
            "transform_matrix": [
                [
                    -0.899284303188324,
                    0.09410770982503891,
                    -0.42712029814720154,
                    -1.7217767238616943
                ],
                [
                    -0.4373648762702942,
                    -0.19349882006645203,
                    0.8782200217247009,
                    3.540217638015747
                ],
                [
                    0.0,
                    0.976576566696167,
                    0.21516987681388855,
                    0.8673774003982544
                ],
                [
                    0.0,
                    0.0,
                    0.0,
                    1.0
                ]
            ]
        },
        {
            "file_path": "./train/r_10",
            "rotation": 0.012566370614359171,
            "transform_matrix": [
                [
                    0.8059674501419067,
                    0.5537431240081787,
                    -0.2092493176460266,
                    -0.8435108661651611
                ],
                [
                    -0.591960072517395,
                    0.7539342045783997,
                    -0.2848978042602539,
                    -1.1484596729278564
                ],
                [
                    0.0,
                    0.3534855842590332,
                    0.9354401230812073,
                    3.7708792686462402
                ],
                [
                    0.0,
                    0.0,
                    0.0,
                    1.0
                ]
            ]
        },
        {
            "file_path": "./train/r_11",
            "rotation": 0.012566370614359171,
            "transform_matrix": [
                [
                    -0.7359381914138794,
                    -0.5744357109069824,
                    0.35835567116737366,
                    1.4445778131484985
                ],
                [
                    0.6770488619804382,
                    -0.6243997812271118,
                    0.38952523469924927,
                    1.5702261924743652
                ],
                [
                    1.4901164746561335e-08,
                    0.5292906761169434,
                    0.8484406471252441,
                    3.420173168182373
                ],
                [
                    0.0,
                    0.0,
                    0.0,
                    1.0
                ]
            ]
        },
        {
            "file_path": "./train/r_12",
            "rotation": 0.012566370614359171,
            "transform_matrix": [
                [
                    0.3493795692920685,
                    -0.14126531779766083,
                    0.9262711405754089,
                    3.7339179515838623
                ],
                [
                    0.9369814991950989,
                    0.05267469957470894,
                    -0.34538590908050537,
                    -1.392295002937317
                ],
                [
                    0.0,
                    0.988569438457489,
                    0.15076641738414764,
                    0.6077588200569153
                ],
                [
                    0.0,
                    0.0,
                    0.0,
                    1.0
                ]
            ]
        },
        {
            "file_path": "./train/r_13",
            "rotation": 0.012566370614359171,
            "transform_matrix": [
                [
                    0.4784345030784607,
                    0.2769165337085724,
                    -0.8333174586296082,
                    -3.3592095375061035
                ],
                [
                    -0.87812340259552,
                    0.15087448060512543,
                    -0.4540225565433502,
                    -1.8302232027053833
                ],
                [
                    -1.4901162970204496e-08,
                    0.9489752650260925,
                    0.31535041332244873,
                    1.2712180614471436
                ],
                [
                    0.0,
                    0.0,
                    0.0,
                    1.0
                ]
            ]
        },
        {
            "file_path": "./train/r_14",
            "rotation": 0.012566370614359171,
            "transform_matrix": [
                [
                    -0.9741113185882568,
                    -0.07121199369430542,
                    0.21456089615821838,
                    0.8649224042892456
                ],
                [
                    0.22606973350048065,
                    -0.30684515833854675,
                    0.9245209097862244,
                    3.7268619537353516
                ],
                [
                    0.0,
                    0.9490917325019836,
                    0.3150002360343933,
                    1.2698062658309937
                ],
                [
                    0.0,
                    0.0,
                    0.0,
                    1.0
                ]
            ]
        },
        {
            "file_path": "./train/r_15",
            "rotation": 0.012566370614359171,
            "transform_matrix": [
                [
                    0.8871619701385498,
                    0.35788071155548096,
                    -0.29131653904914856,
                    -1.1743344068527222
                ],
                [
                    -0.46145856380462646,
                    0.688031792640686,
                    -0.5600610375404358,
                    -2.2576780319213867
                ],
                [
                    0.0,
                    0.6312952637672424,
                    0.7755427360534668,
                    3.126312255859375
                ],
                [
                    0.0,
                    0.0,
                    0.0,
                    1.0
                ]
            ]
        },
        {
            "file_path": "./train/r_16",
            "rotation": 0.012566370614359171,
            "transform_matrix": [
                [
                    -0.5017755627632141,
                    0.6826261281967163,
                    -0.5312654972076416,
                    -2.141599416732788
                ],
                [
                    -0.8649981021881104,
                    -0.3959837257862091,
                    0.30818110704421997,
                    1.2423176765441895
                ],
                [
                    0.0,
                    0.6141812205314636,
                    0.7891651391983032,
                    3.1812260150909424
                ],
                [
                    0.0,
                    0.0,
                    0.0,
                    1.0
                ]
            ]
        },
        {
            "file_path": "./train/r_17",
            "rotation": 0.012566370614359171,
            "transform_matrix": [
                [
                    -0.2966540455818176,
                    -0.3159427344799042,
                    0.9012085199356079,
                    3.632887363433838
                ],
                [
                    0.9549852013587952,
                    -0.09814361482858658,
                    0.27994900941848755,
                    1.1285104751586914
                ],
                [
                    0.0,
                    0.9436886310577393,
                    0.3308352530002594,
                    1.33363938331604
                ],
                [
                    0.0,
                    0.0,
                    0.0,
                    1.0
                ]
            ]
        },
        {
            "file_path": "./train/r_18",
            "rotation": 0.012566370614359171,
            "transform_matrix": [
                [
                    0.9446200728416443,
                    0.2651959955692291,
                    -0.1932983547449112,
                    -0.7792104482650757
                ],
                [
                    -0.32816633582115173,
                    0.7633612155914307,
                    -0.5564053058624268,
                    -2.242941379547119
                ],
                [
                    0.0,
                    0.5890254974365234,
                    0.8081145286560059,
                    3.25761342048645
                ],
                [
                    0.0,
                    0.0,
                    0.0,
                    1.0
                ]
            ]
        },
        {
            "file_path": "./train/r_19",
            "rotation": 0.012566370614359171,
            "transform_matrix": [
                [
                    0.9137531518936157,
                    0.23738273978233337,
                    -0.329704612493515,
                    -1.329081654548645
                ],
                [
                    -0.4062705338001251,
                    0.5339034199714661,
                    -0.7415468096733093,
                    -2.9892704486846924
                ],
                [
                    0.0,
                    0.8115397691726685,
                    0.5842974185943604,
                    2.3553779125213623
                ],
                [
                    0.0,
                    0.0,
                    0.0,
                    1.0
                ]
            ]
        },
        {
            "file_path": "./train/r_20",
            "rotation": 0.012566370614359171,
            "transform_matrix": [
                [
                    -0.9377964735031128,
                    0.09749115258455276,
                    -0.3332168459892273,
                    -1.3432399034500122
                ],
                [
                    -0.3471858501434326,
                    -0.2633369266986847,
                    0.9000643491744995,
                    3.628274917602539
                ],
                [
                    7.450581485102248e-09,
                    0.9597651958465576,
                    0.28080397844314575,
                    1.131956934928894
                ],
                [
                    0.0,
                    0.0,
                    0.0,
                    1.0
                ]
            ]
        },
        {
            "file_path": "./train/r_21",
            "rotation": 0.012566370614359171,
            "transform_matrix": [
                [
                    -0.6768665909767151,
                    -0.5490877032279968,
                    0.49025967717170715,
                    1.97629976272583
                ],
                [
                    0.7361058592796326,
                    -0.5048990249633789,
                    0.4508052468299866,
                    1.817253828048706
                ],
                [
                    1.4901162970204496e-08,
                    0.6660179495811462,
                    0.7459357976913452,
                    3.0069632530212402
                ],
                [
                    0.0,
                    0.0,
                    0.0,
                    1.0
                ]
            ]
        },
        {
            "file_path": "./train/r_22",
            "rotation": 0.012566370614359171,
            "transform_matrix": [
                [
                    -0.70478755235672,
                    -0.43479853868484497,
                    0.5605576634407043,
                    2.2596800327301025
                ],
                [
                    0.709418535232544,
                    -0.43196025490760803,
                    0.5568984150886536,
                    2.244929075241089
                ],
                [
                    0.0,
                    0.7901651263237,
                    0.6128942966461182,
                    2.470655679702759
                ],
                [
                    0.0,
                    0.0,
                    0.0,
                    1.0
                ]
            ]
        },
        {
            "file_path": "./train/r_23",
            "rotation": 0.012566370614359171,
            "transform_matrix": [
                [
                    0.9131932258605957,
                    -0.09511951357126236,
                    0.3962710499763489,
                    1.5974195003509521
                ],
                [
                    0.40752726793289185,
                    0.21314522624015808,
                    -0.8879700899124146,
                    -3.579521417617798
                ],
                [
                    0.0,
                    0.9723792672157288,
                    0.23340655863285065,
                    0.9408918023109436
                ],
                [
                    0.0,
                    0.0,
                    0.0,
                    1.0
                ]
            ]
        },
        {
            "file_path": "./train/r_24",
            "rotation": 0.012566370614359171,
            "transform_matrix": [
                [
                    -0.6852406859397888,
                    0.6690137982368469,
                    -0.28786420822143555,
                    -1.1604175567626953
                ],
                [
                    -0.7283167839050293,
                    -0.6294451951980591,
                    0.27083855867385864,
                    1.091784954071045
                ],
                [
                    -1.4901164746561335e-08,
                    0.3952459692955017,
                    0.9185755848884583,
                    3.7028956413269043
                ],
                [
                    0.0,
                    0.0,
                    0.0,
                    1.0
                ]
            ]
        },
        {
            "file_path": "./train/r_25",
            "rotation": 0.012566370614359171,
            "transform_matrix": [
                [
                    0.7774465084075928,
                    -0.25859972834587097,
                    0.5733266472816467,
                    2.3111534118652344
                ],
                [
                    0.6289493441581726,
                    0.31965598464012146,
                    -0.7086910009384155,
                    -2.8568246364593506
                ],
                [
                    1.4901164746561335e-08,
                    0.9115626215934753,
                    0.41116148233413696,
                    1.657444715499878
                ],
                [
                    0.0,
                    0.0,
                    0.0,
                    1.0
                ]
            ]
        },
        {
            "file_path": "./train/r_26",
            "rotation": 0.012566370614359171,
            "transform_matrix": [
                [
                    -0.5766657590866089,
                    0.13350465893745422,
                    -0.8059983253479004,
                    -3.2490828037261963
                ],
                [
                    -0.8169804215431213,
                    -0.09423430263996124,
                    0.5689141154289246,
                    2.293365955352783
                ],
                [
                    0.0,
                    0.9865578413009644,
                    0.16341236233711243,
                    0.6587362289428711
                ],
                [
                    0.0,
                    0.0,
                    0.0,
                    1.0
                ]
            ]
        },
        {
            "file_path": "./train/r_27",
            "rotation": 0.012566370614359171,
            "transform_matrix": [
                [
                    0.3423742949962616,
                    0.6553047895431519,
                    -0.6733168959617615,
                    -2.7142269611358643
                ],
                [
                    -0.9395637512207031,
                    0.23879119753837585,
                    -0.2453547567129135,
                    -0.9890565276145935
                ],
                [
                    0.0,
                    0.7166271209716797,
                    0.6974565386772156,
                    2.811537027359009
                ],
                [
                    0.0,
                    0.0,
                    0.0,
                    1.0
                ]
            ]
        },
        {
            "file_path": "./train/r_28",
            "rotation": 0.012566370614359171,
            "transform_matrix": [
                [
                    0.999589204788208,
                    0.023715978488326073,
                    -0.016103066504001617,
                    -0.06491353362798691
                ],
                [
                    -0.02866629883646965,
                    0.8269723653793335,
                    -0.5615113377571106,
                    -2.263524293899536
                ],
                [
                    0.0,
                    0.5617421269416809,
                    0.8273125886917114,
                    3.335003137588501
                ],
                [
                    0.0,
                    0.0,
                    0.0,
                    1.0
                ]
            ]
        },
        {
            "file_path": "./train/r_29",
            "rotation": 0.012566370614359171,
            "transform_matrix": [
                [
                    -0.3899111747741699,
                    -0.870246946811676,
                    0.30106404423713684,
                    1.213627815246582
                ],
                [
                    0.9208526611328125,
                    -0.3684834837913513,
                    0.127477765083313,
                    0.5138792395591736
                ],
                [
                    -7.450582373280668e-09,
                    0.3269403874874115,
                    0.945044994354248,
                    3.8095977306365967
                ],
                [
                    0.0,
                    0.0,
                    0.0,
                    1.0
                ]
            ]
        },
        {
            "file_path": "./train/r_30",
            "rotation": 0.012566370614359171,
            "transform_matrix": [
                [
                    -0.5354089736938477,
                    0.5987991690635681,
                    -0.5956315994262695,
                    -2.4010674953460693
                ],
                [
                    -0.8445931077003479,
                    -0.37959399819374084,
                    0.3775859773159027,
                    1.5220974683761597
                ],
                [
                    -1.4901162970204496e-08,
                    0.7052291631698608,
                    0.7089795470237732,
                    2.857987642288208
                ],
                [
                    0.0,
                    0.0,
                    0.0,
                    1.0
                ]
            ]
        },
        {
            "file_path": "./train/r_31",
            "rotation": 0.012566370614359171,
            "transform_matrix": [
                [
                    0.6151498556137085,
                    0.11093602329492569,
                    -0.7805665731430054,
                    -3.14656400680542
                ],
                [
                    -0.788410484790802,
                    0.08655679225921631,
                    -0.6090297698974609,
                    -2.4550771713256836
                ],
                [
                    0.0,
                    0.9900511503219604,
                    0.14070849120616913,
                    0.5672140121459961
                ],
                [
                    0.0,
                    0.0,
                    0.0,
                    1.0
                ]
            ]
        },
        {
            "file_path": "./train/r_32",
            "rotation": 0.012566370614359171,
            "transform_matrix": [
                [
                    0.9322690963745117,
                    -0.09736837446689606,
                    0.34841617941856384,
                    1.4045103788375854
                ],
                [
                    0.36176571249961853,
                    0.2509179711341858,
                    -0.8978674411773682,
                    -3.6194188594818115
                ],
                [
                    7.450580596923828e-09,
                    0.9630991220474243,
                    0.2691476047039032,
                    1.0849685668945312
                ],
                [
                    0.0,
                    0.0,
                    0.0,
                    1.0
                ]
            ]
        },
        {
            "file_path": "./train/r_33",
            "rotation": 0.012566370614359171,
            "transform_matrix": [
                [
                    -0.29668158292770386,
                    0.5477712154388428,
                    -0.782257616519928,
                    -3.153380870819092
                ],
                [
                    -0.9549766778945923,
                    -0.1701754927635193,
                    0.2430231273174286,
                    0.9796574115753174
                ],
                [
                    0.0,
                    0.8191380500793457,
                    0.5735965967178345,
                    2.312241554260254
                ],
                [
                    0.0,
                    0.0,
                    0.0,
                    1.0
                ]
            ]
        },
        {
            "file_path": "./train/r_34",
            "rotation": 0.012566370614359171,
            "transform_matrix": [
                [
                    -0.5300633907318115,
                    0.6120061278343201,
                    -0.5869253873825073,
                    -2.365971565246582
                ],
                [
                    -0.8479582667350769,
                    -0.3825684189796448,
                    0.3668903112411499,
                    1.4789820909500122
                ],
                [
                    0.0,
                    0.6921631693840027,
                    0.7217410802841187,
                    2.909431219100952
                ],
                [
                    0.0,
                    0.0,
                    0.0,
                    1.0
                ]
            ]
        },
        {
            "file_path": "./train/r_35",
            "rotation": 0.012566370614359171,
            "transform_matrix": [
                [
                    0.5070657134056091,
                    -0.1872873157262802,
                    0.8413133025169373,
                    3.391441822052002
                ],
                [
                    0.8619075417518616,
                    0.11018233001232147,
                    -0.49494996666908264,
                    -1.9952069520950317
                ],
                [
                    -7.450581485102248e-09,
                    0.9761063456535339,
                    0.21729402244091034,
                    0.8759400844573975
                ],
                [
                    0.0,
                    0.0,
                    0.0,
                    1.0
                ]
            ]
        },
        {
            "file_path": "./train/r_36",
            "rotation": 0.012566370614359171,
            "transform_matrix": [
                [
                    0.7420327663421631,
                    0.3987407982349396,
                    -0.5388814210891724,
                    -2.172300338745117
                ],
                [
                    -0.6703636646270752,
                    0.44137051701545715,
                    -0.596493661403656,
                    -2.4045426845550537
                ],
                [
                    1.4901164746561335e-08,
                    0.8038642406463623,
                    0.5948127508163452,
                    2.397766590118408
                ],
                [
                    0.0,
                    0.0,
                    0.0,
                    1.0
                ]
            ]
        },
        {
            "file_path": "./train/r_37",
            "rotation": 0.012566370614359171,
            "transform_matrix": [
                [
                    -0.18962833285331726,
                    -0.2348289042711258,
                    0.9533607363700867,
                    3.8431196212768555
                ],
                [
                    0.9818562865257263,
                    -0.045353081077337265,
                    0.1841249018907547,
                    0.7422311305999756
                ],
                [
                    0.0,
                    0.9709782600402832,
                    0.23916837573051453,
                    0.9641184210777283
                ],
                [
                    0.0,
                    0.0,
                    0.0,
                    1.0
                ]
            ]
        },
        {
            "file_path": "./train/r_38",
            "rotation": 0.012566370614359171,
            "transform_matrix": [
                [
                    0.7440133690834045,
                    0.6019839644432068,
                    -0.2899303734302521,
                    -1.1687465906143188
                ],
                [
                    -0.668164849281311,
                    0.6703197956085205,
                    -0.3228425979614258,
                    -1.301419973373413
                ],
                [
                    0.0,
                    0.4339204430580139,
                    0.9009513258934021,
                    3.631850481033325
                ],
                [
                    0.0,
                    0.0,
                    0.0,
                    1.0
                ]
            ]
        },
        {
            "file_path": "./train/r_39",
            "rotation": 0.012566370614359171,
            "transform_matrix": [
                [
                    -0.15160293877124786,
                    -0.39228954911231995,
                    0.9072627425193787,
                    3.657292604446411
                ],
                [
                    0.9884416460990906,
                    -0.060167692601680756,
                    0.13915207982063293,
                    0.5609399080276489
                ],
                [
                    0.0,
                    0.9178719520568848,
                    0.39687684178352356,
                    1.5998615026474
                ],
                [
                    0.0,
                    0.0,
                    0.0,
                    1.0
                ]
            ]
        },
        {
            "file_path": "./train/r_40",
            "rotation": 0.012566370614359171,
            "transform_matrix": [
                [
                    -0.9685715436935425,
                    0.14712664484977722,
                    -0.20055672526359558,
                    -0.8084698915481567
                ],
                [
                    -0.24873530864715576,
                    -0.5729089379310608,
                    0.7809649109840393,
                    3.148169755935669
                ],
                [
                    7.450581485102248e-09,
                    0.8063058257102966,
                    0.5914989113807678,
                    2.3844082355499268
                ],
                [
                    0.0,
                    0.0,
                    0.0,
                    1.0
                ]
            ]
        },
        {
            "file_path": "./train/r_41",
            "rotation": 0.012566370614359171,
            "transform_matrix": [
                [
                    -0.6994525194168091,
                    -0.5466083288192749,
                    0.4604191184043884,
                    1.8560086488723755
                ],
                [
                    0.7146791815757751,
                    -0.5349624752998352,
                    0.45060962438583374,
                    1.8164652585983276
                ],
                [
                    -1.4901162970204496e-08,
                    0.6442318558692932,
                    0.7648304104804993,
                    3.083129405975342
                ],
                [
                    0.0,
                    0.0,
                    0.0,
                    1.0
                ]
            ]
        },
        {
            "file_path": "./train/r_42",
            "rotation": 0.012566370614359171,
            "transform_matrix": [
                [
                    -0.30854731798171997,
                    -0.30291205644607544,
                    0.9016890525817871,
                    3.634824275970459
                ],
                [
                    0.9512091279029846,
                    -0.09825673699378967,
                    0.2924842834472656,
                    1.1790417432785034
                ],
                [
                    0.0,
                    0.947939932346344,
                    0.3184495270252228,
                    1.2837109565734863
                ],
                [
                    0.0,
                    0.0,
                    0.0,
                    1.0
                ]
            ]
        },
        {
            "file_path": "./train/r_43",
            "rotation": 0.012566370614359171,
            "transform_matrix": [
                [
                    -0.9199727773666382,
                    -0.1700175404548645,
                    0.35319170355796814,
                    1.4237611293792725
                ],
                [
                    0.3919826149940491,
                    -0.39902663230895996,
                    0.8289316296577454,
                    3.3415298461914062
                ],
                [
                    -1.4901162970204496e-08,
                    0.9010393023490906,
                    0.43373754620552063,
                    1.7484517097473145
                ],
                [
                    0.0,
                    0.0,
                    0.0,
                    1.0
                ]
            ]
        },
        {
            "file_path": "./train/r_44",
            "rotation": 0.012566370614359171,
            "transform_matrix": [
                [
                    -0.05748918652534485,
                    -0.8878431916236877,
                    0.4565410315990448,
                    1.840375542640686
                ],
                [
                    0.9983463883399963,
                    -0.05112592130899429,
                    0.026289643719792366,
                    0.10597693175077438
                ],
                [
                    0.0,
                    0.45729732513427734,
                    0.8893139362335205,
                    3.5849387645721436
                ],
                [
                    0.0,
                    0.0,
                    0.0,
                    1.0
                ]
            ]
        },
        {
            "file_path": "./train/r_45",
            "rotation": 0.012566370614359171,
            "transform_matrix": [
                [
                    0.5669876933097839,
                    -0.253622829914093,
                    0.7837095856666565,
                    3.159233808517456
                ],
                [
                    0.8237264156341553,
                    0.17457376420497894,
                    -0.5394432544708252,
                    -2.174565076828003
                ],
