{
    "camera_angle_x": 0.6911112070083618,
    "frames": [
        {
            "file_path": "./train/r_0",
            "rotation": 0.012566370614359171,
            "transform_matrix": [
                [
                    -0.04659058526158333,
                    0.17529651522636414,
                    -0.9834126234054565,
                    -3.9642629623413086
                ],
                [
                    -0.9989140629768372,
                    -0.008176046423614025,
                    0.04586757719516754,
                    0.18489810824394226
                ],
                [
                    -9.313225746154785e-10,
                    0.984481692314148,
                    0.17548708617687225,
                    0.7074110507965088
                ],
                [
                    0.0,
                    0.0,
                    0.0,
                    1.0
                ]
            ]
        },
        {
            "file_path": "./train/r_1",
            "rotation": 0.012566370614359171,
            "transform_matrix": [
                [
                    -0.3837582468986511,
                    -0.6134429574012756,
                    0.6902299523353577,
                    2.7824058532714844
                ],
                [
                    0.9234336018562317,
                    -0.25493308901786804,
                    0.28684404492378235,
                    1.1563053131103516
                ],
                [
                    -1.4901161193847656e-08,
                    0.7474602460861206,
                    0.6643065214157104,
                    2.677905321121216
                ],
                [
                    0.0,
                    0.0,
                    0.0,
                    1.0
                ]
            ]
        },
        {
            "file_path": "./train/r_2",
            "rotation": 0.012566370614359171,
            "transform_matrix": [
                [
                    0.8146438002586365,
                    -0.3779926598072052,
                    0.43986013531684875,
                    1.7731329202651978
                ],
                [
                    0.5799614787101746,
                    0.5309479236602783,
                    -0.6178501844406128,
                    -2.490633726119995
                ],
                [
                    1.4901160305669237e-08,
                    0.7584297060966492,
                    0.6517547369003296,
                    2.627307415008545
                ],
                [
                    0.0,
                    0.0,
                    0.0,
                    1.0
                ]
            ]
        },
        {
            "file_path": "./train/r_3",
            "rotation": 0.012566370614359171,
            "transform_matrix": [
                [
                    0.7381561994552612,
                    -0.544955849647522,
                    0.3976789712905884,
                    1.603095293045044
                ],
                [
                    0.6746298670768738,
                    0.5962714552879333,
                    -0.43512630462646484,
                    -1.754050374031067
                ],
                [
                    0.0,
                    0.5894773602485657,
                    0.8077847957611084,
                    3.2562849521636963
                ],
                [
                    0.0,
                    0.0,
                    0.0,
                    1.0
                ]
            ]
        },
        {
            "file_path": "./train/r_4",
            "rotation": 0.012566370614359171,
            "transform_matrix": [
                [
                    -0.9515889286994934,
                    0.3073734641075134,
                    -0.000439176510553807,
                    -0.0017703771591186523
                ],
                [
                    -0.3073737919330597,
                    -0.9515879154205322,
                    0.0013596329372376204,
                    0.005480855703353882
                ],
                [
                    2.9103830456733704e-11,
                    0.0014183608582243323,
                    0.9999990463256836,
                    4.031125068664551
                ],
                [
                    0.0,
                    0.0,
                    0.0,
                    1.0
                ]
            ]
        },
        {
            "file_path": "./train/r_5",
            "rotation": 0.012566370614359171,
            "transform_matrix": [
                [
                    -0.6407920122146606,
                    0.22597837448120117,
                    -0.7337024211883545,
                    -2.957648992538452
                ],
                [
                    -0.7677144408226013,
                    -0.1886184960603714,
                    0.6124030947685242,
                    2.4686758518218994
                ],
                [
                    1.4901161193847656e-08,
                    0.9556970000267029,
                    0.29435208439826965,
                    1.1865712404251099
                ],
                [
                    0.0,
                    0.0,
                    0.0,
                    1.0
                ]
            ]
        },
        {
            "file_path": "./train/r_6",
            "rotation": 0.012566370614359171,
            "transform_matrix": [
                [
                    -0.4849722683429718,
                    -0.562161386013031,
                    0.6699077486991882,
                    2.7004847526550293
                ],
                [
                    0.8745296001434326,
                    -0.31174781918525696,
                    0.37149882316589355,
                    1.4975597858428955
                ],
                [
                    -1.4901161193847656e-08,
                    0.7660208940505981,
                    0.6428156495094299,
                    2.591273069381714
                ],
                [
                    0.0,
                    0.0,
                    0.0,
                    1.0
                ]
            ]
        },
        {
            "file_path": "./train/r_7",
            "rotation": 0.012566370614359171,
            "transform_matrix": [
                [
                    -0.9083366394042969,
                    -0.23910480737686157,
                    0.3431524336338043,
                    1.3832918405532837
                ],
                [
                    0.4182400703430176,
                    -0.5192894339561462,
                    0.7452607750892639,
                    3.004242420196533
                ],
                [
                    0.0,
                    0.8204677104949951,
                    0.5716927647590637,
                    2.304567575454712
                ],
                [
                    0.0,
                    0.0,
                    0.0,
                    1.0
                ]
            ]
        },
        {
            "file_path": "./train/r_8",
            "rotation": 0.012566370614359171,
            "transform_matrix": [
                [
                    -0.7612887024879456,
                    -0.44055718183517456,
                    0.4757613241672516,
                    1.9178552627563477
                ],
                [
                    0.6484130620956421,
                    -0.5172492861747742,
                    0.5585817694664001,
                    2.2517151832580566
                ],
                [
                    0.0,
                    0.7337318658828735,
                    0.679439127445221,
                    2.7389066219329834
                ],
                [
                    0.0,
                    0.0,
                    0.0,
                    1.0
                ]
            ]
        },
        {
            "file_path": "./train/r_9",
            "rotation": 0.012566370614359171,
            "transform_matrix": [
                [
                    -0.10690297186374664,
                    -0.5607009530067444,
                    0.8210883736610413,
                    3.309913158416748
                ],
                [
                    0.9942693710327148,
                    -0.06028607115149498,
                    0.08828269690275192,
                    0.35587894916534424
                ],
                [
                    0.0,
                    0.825820803642273,
                    0.5639325976371765,
                    2.273284912109375
                ],
                [
                    0.0,
                    0.0,
                    0.0,
                    1.0
                ]
            ]
        },
        {
            "file_path": "./train/r_10",
            "rotation": 0.012566370614359171,
            "transform_matrix": [
                [
                    -0.4762652516365051,
                    0.1514950841665268,
                    -0.8661527633666992,
                    -3.4915735721588135
                ],
                [
                    -0.8793016076087952,
                    -0.08205585926771164,
                    0.4691433012485504,
                    1.8911771774291992
                ],
                [
                    0.0,
                    0.9850462675094604,
                    0.17229023575782776,
                    0.6945241689682007
                ],
                [
                    0.0,
                    0.0,
                    0.0,
                    1.0
                ]
            ]
        },
        {
            "file_path": "./train/r_11",
            "rotation": 0.012566370614359171,
            "transform_matrix": [
                [
                    0.46710333228111267,
                    0.8708292245864868,
                    -0.15320220589637756,
                    -0.617577850818634
                ],
                [
                    -0.884202778339386,
                    0.4600383937358856,
                    -0.0809330865740776,
                    -0.32625171542167664
                ],
                [
                    0.0,
                    0.17326587438583374,
                    0.9848750829696655,
                    3.970158338546753
                ],
                [
                    0.0,
                    0.0,
                    0.0,
                    1.0
                ]
            ]
        },
        {
            "file_path": "./train/r_12",
            "rotation": 0.012566370614359171,
            "transform_matrix": [
                [
                    0.9668280482292175,
                    0.19056621193885803,
                    -0.17008273303508759,
                    -0.685625433921814
                ],
                [
                    -0.2554283142089844,
                    0.721316933631897,
                    -0.6437843441963196,
                    -2.59517765045166
                ],
                [
                    7.450580596923828e-09,
                    0.6658726930618286,
                    0.7460653781890869,
                    3.0074856281280518
                ],
                [
                    0.0,
                    0.0,
                    0.0,
                    1.0
                ]
            ]
        },
        {
            "file_path": "./train/r_13",
            "rotation": 0.012566370614359171,
            "transform_matrix": [
                [
                    -0.4094095230102539,
                    -0.9009892344474792,
                    0.1435338407754898,
                    0.5786033868789673
                ],
                [
                    0.9123506546020508,
                    -0.4043112099170685,
                    0.06440958380699158,
                    0.2596433460712433
                ],
                [
                    -3.725290076417309e-09,
                    0.15732330083847046,
                    0.9875472187995911,
                    3.9809298515319824
                ],
                [
                    0.0,
                    0.0,
                    0.0,
                    1.0
                ]
            ]
        },
        {
            "file_path": "./train/r_14",
            "rotation": 0.012566370614359171,
            "transform_matrix": [
                [
                    -0.0232132188975811,
                    -0.7149856686592102,
                    0.6987535953521729,
                    2.816765785217285
                ],
                [
                    0.9997305870056152,
                    -0.01660159043967724,
                    0.01622469164431095,
                    0.06540382653474808
                ],
                [
                    0.0,
                    0.6989418864250183,
                    0.715178370475769,
                    2.8829762935638428
                ],
                [
                    0.0,
                    0.0,
                    0.0,
                    1.0
                ]
            ]
        },
        {
            "file_path": "./train/r_15",
            "rotation": 0.012566370614359171,
            "transform_matrix": [
                [
                    0.2950971722602844,
                    -0.47609782218933105,
                    0.8284011483192444,
                    3.3393919467926025
                ],
                [
                    0.955467164516449,
                    0.147043377161026,
                    -0.25585266947746277,
                    -1.0313750505447388
                ],
                [
                    -7.450580596923828e-09,
                    0.867011547088623,
                    0.49828794598579407,
                    2.0086629390716553
                ],
                [
                    0.0,
                    0.0,
                    0.0,
                    1.0
                ]
            ]
        },
        {
            "file_path": "./train/r_16",
            "rotation": 0.012566370614359171,
            "transform_matrix": [
                [
                    0.2907449007034302,
                    -0.4693387746810913,
                    0.8337796926498413,
                    3.3610734939575195
                ],
                [
                    0.956800639629364,
                    0.14261890947818756,
                    -0.2533622980117798,
                    -1.0213360786437988
                ],
                [
                    0.0,
                    0.8714247345924377,
                    0.49052929878234863,
                    1.9773868322372437
                ],
                [
                    0.0,
                    0.0,
                    0.0,
                    1.0
                ]
            ]
        },
        {
            "file_path": "./train/r_17",
            "rotation": 0.012566370614359171,
            "transform_matrix": [
                [
                    0.8987835049629211,
                    -0.4123098850250244,
                    0.1489587426185608,
                    0.6004718542098999
                ],
                [
                    0.43839263916015625,
                    0.8453091979026794,
                    -0.3053921163082123,
                    -1.2310748100280762
                ],
                [
                    -1.4901158529312397e-08,
                    0.3397837281227112,
                    0.9405036568641663,
                    3.7912909984588623
                ],
                [
                    0.0,
                    0.0,
                    0.0,
                    1.0
                ]
            ]
        },
        {
            "file_path": "./train/r_18",
            "rotation": 0.012566370614359171,
            "transform_matrix": [
                [
                    0.2300959974527359,
                    -0.6052941679954529,
                    0.7620203495025635,
                    3.0718019008636475
                ],
                [
                    0.9731679558753967,
                    0.1431158483028412,
                    -0.18017220497131348,
                    -0.7262973189353943
                ],
                [
                    0.0,
                    0.7830305695533752,
                    0.6219832301139832,
                    2.507294178009033
                ],
                [
                    0.0,
                    0.0,
                    0.0,
                    1.0
                ]
            ]
        },
        {
            "file_path": "./train/r_19",
            "rotation": 0.012566370614359171,
            "transform_matrix": [
                [
                    0.7499865889549255,
                    0.6417388319969177,
                    -0.16028554737567902,
                    -0.6461316347122192
                ],
                [
                    -0.661453127861023,
                    0.727633535861969,
                    -0.18173925578594208,
                    -0.732614278793335
                ],
                [
                    0.0,
                    0.24232351779937744,
                    0.9701955914497375,
                    3.910983085632324
                ],
                [
                    0.0,
                    0.0,
                    0.0,
                    1.0
                ]
            ]
        },
        {
            "file_path": "./train/r_20",
            "rotation": 0.012566370614359171,
            "transform_matrix": [
                [
                    0.7142422795295715,
                    -0.6981507539749146,
                    0.04943085461854935,
                    0.19926214218139648
                ],
                [
                    0.6998984813690186,
                    0.7124587893486023,
                    -0.050443898886442184,
                    -0.2033458650112152
                ],
                [
                    0.0,
                    0.07062601298093796,
                    0.9975029230117798,
                    4.021062850952148
                ],
                [
                    0.0,
                    0.0,
                    0.0,
                    1.0
                ]
            ]
        },
        {
            "file_path": "./train/r_21",
            "rotation": 0.012566370614359171,
            "transform_matrix": [
                [
                    -0.6904386878013611,
                    0.5145220756530762,
                    -0.5084894299507141,
                    -2.049786329269409
                ],
                [
                    -0.7233909964561462,
                    -0.4910842776298523,
                    0.4853264093399048,
                    1.9564131498336792
                ],
                [
                    -1.4901162970204496e-08,
                    0.7029246091842651,
                    0.7112642526626587,
                    2.8671975135803223
                ],
                [
                    0.0,
                    0.0,
                    0.0,
                    1.0
                ]
            ]
        },
        {
            "file_path": "./train/r_22",
            "rotation": 0.012566370614359171,
            "transform_matrix": [
                [
                    0.5227516293525696,
                    -0.8012664318084717,
                    0.2910376191139221,
                    1.1732101440429688
                ],
                [
                    0.8524850010871887,
                    0.4913439154624939,
                    -0.17846693098545074,
                    -0.719423234462738
                ],
                [
                    0.0,
                    0.3413989841938019,
                    0.9399183988571167,
                    3.7889323234558105
                ],
                [
                    0.0,
                    0.0,
                    0.0,
                    1.0
                ]
            ]
        },
        {
            "file_path": "./train/r_23",
            "rotation": 0.012566370614359171,
            "transform_matrix": [
                [
                    -0.5365768074989319,
                    0.18407785892486572,
                    -0.8235294222831726,
                    -3.3197531700134277
                ],
                [
                    -0.8438515067100525,
                    -0.11704890429973602,
                    0.5236546397209167,
                    2.11091947555542
                ],
                [
                    7.450580596923828e-09,
                    0.9759174585342407,
                    0.21814008057117462,
                    0.8793507814407349
                ],
                [
                    0.0,
                    0.0,
                    0.0,
                    1.0
                ]
            ]
        },
        {
            "file_path": "./train/r_24",
            "rotation": 0.012566370614359171,
            "transform_matrix": [
                [
                    -0.16384300589561462,
                    0.207184299826622,
                    -0.9644843935966492,
                    -3.887960910797119
                ],
                [
                    -0.9864864349365234,
                    -0.034410711377859116,
                    0.16018874943256378,
                    0.6457415223121643
                ],
                [
                    0.0,
                    0.9776965975761414,
                    0.2100224494934082,
                    0.8466275930404663
                ],
                [
                    0.0,
                    0.0,
                    0.0,
                    1.0
                ]
            ]
        },
        {
            "file_path": "./train/r_25",
            "rotation": 0.012566370614359171,
            "transform_matrix": [
                [
                    -0.868924617767334,
                    -0.2227199673652649,
                    0.44200220704078674,
                    1.7817678451538086
                ],
                [
                    0.49494463205337524,
                    -0.39100712537765503,
                    0.7759789228439331,
                    3.1280710697174072
                ],
                [
                    0.0,
                    0.8930337429046631,
                    0.4499897360801697,
                    1.8139666318893433
                ],
                [
                    0.0,
                    0.0,
                    0.0,
                    1.0
                ]
            ]
        },
        {
            "file_path": "./train/r_26",
            "rotation": 0.012566370614359171,
            "transform_matrix": [
                [
                    -0.9110037684440613,
                    0.14724107086658478,
                    -0.38521692156791687,
                    -1.5528590679168701
                ],
                [
                    -0.4123978912830353,
                    -0.32526156306266785,
                    0.8509599566459656,
                    3.4303293228149414
                ],
                [
                    0.0,
                    0.9340903162956238,
                    0.3570365011692047,
                    1.4392601251602173
                ],
                [
                    0.0,
                    0.0,
                    0.0,
                    1.0
                ]
            ]
        },
        {
            "file_path": "./train/r_27",
            "rotation": 0.012566370614359171,
            "transform_matrix": [
                [
                    -0.9665295481681824,
                    -0.23782458901405334,
                    0.09623043239116669,
                    0.38791728019714355
                ],
                [
                    0.2565557360649109,
                    -0.895963191986084,
                    0.3625315725803375,
                    1.461411476135254
                ],
                [
                    0.0,
                    0.37508589029312134,
                    0.9269900321960449,
                    3.73681640625
                ],
                [
                    0.0,
                    0.0,
                    0.0,
                    1.0
                ]
            ]
        },
        {
            "file_path": "./train/r_28",
            "rotation": 0.012566370614359171,
            "transform_matrix": [
                [
                    0.53190016746521,
                    -0.150135800242424,
                    0.8333914279937744,
                    3.359508514404297
                ],
                [
                    0.8468070030212402,
                    0.09430396556854248,
                    -0.5234735012054443,
                    -2.110189437866211
                ],
                [
                    0.0,
                    0.9841575622558594,
                    0.17729632556438446,
                    0.7147043943405151
                ],
                [
                    0.0,
                    0.0,
                    0.0,
                    1.0
                ]
            ]
        },
        {
            "file_path": "./train/r_29",
            "rotation": 0.012566370614359171,
            "transform_matrix": [
                [
                    -0.9841723442077637,
                    0.06480545550584793,
                    -0.16493941843509674,
                    -0.6648920774459839
                ],
                [
                    -0.1772138774394989,
                    -0.35990262031555176,
                    0.9160050749778748,
                    3.6925346851348877
                ],
                [
                    -3.725290298461914e-09,
                    0.9307364225387573,
                    0.3656906187534332,
                    1.4741460084915161
                ],
                [
                    0.0,
                    0.0,
                    0.0,
                    1.0
                ]
            ]
        },
        {
            "file_path": "./train/r_30",
            "rotation": 0.012566370614359171,
            "transform_matrix": [
                [
                    -0.18424324691295624,
                    0.521382749080658,
                    -0.8331952095031738,
                    -3.358717679977417
                ],
                [
                    -0.982880711555481,
                    -0.09773439913988113,
                    0.1561843603849411,
                    0.6295993328094482
                ],
                [
                    7.450580596923828e-09,
                    0.8477075099945068,
                    0.5304638147354126,
                    2.1383683681488037
                ],
                [
                    0.0,
                    0.0,
                    0.0,
                    1.0
                ]
            ]
        },
        {
            "file_path": "./train/r_31",
            "rotation": 0.012566370614359171,
            "transform_matrix": [
                [
                    0.3574438989162445,
                    0.2746621370315552,
                    -0.8926335573196411,
                    -3.598320484161377
                ],
                [
                    -0.9339346289634705,
                    0.1051211953163147,
                    -0.3416368067264557,
                    -1.377181887626648
                ],
                [
                    7.450580152834618e-09,
                    0.9557772874832153,
                    0.29409143328666687,
                    1.1855202913284302
                ],
                [
                    0.0,
                    0.0,
                    0.0,
                    1.0
                ]
            ]
        },
        {
            "file_path": "./train/r_32",
            "rotation": 0.012566370614359171,
            "transform_matrix": [
                [
                    0.9813115000724792,
                    0.13668526709079742,
                    -0.13544297218322754,
                    -0.545988142490387
                ],
                [
                    -0.19242572784423828,
                    0.6970524787902832,
                    -0.6907171607017517,
                    -2.784370183944702
                ],
                [
                    0.0,
                    0.7038713693618774,
                    0.7103273272514343,
                    2.8634212017059326
                ],
                [
                    0.0,
                    0.0,
                    0.0,
                    1.0
                ]
            ]
        },
        {
            "file_path": "./train/r_33",
            "rotation": 0.012566370614359171,
            "transform_matrix": [
                [
                    0.8139723539352417,
                    -0.3741470277309418,
                    0.44436803460121155,
                    1.7913049459457397
                ],
                [
                    0.5809035897254944,
                    0.5242613554000854,
                    -0.6226562857627869,
                    -2.5100080966949463
                ],
                [
                    1.4901162970204496e-08,
                    0.7649601101875305,
                    0.6440775394439697,
                    2.596359968185425
                ],
                [
                    0.0,
                    0.0,
                    0.0,
                    1.0
                ]
            ]
        },
        {
            "file_path": "./train/r_34",
            "rotation": 0.012566370614359171,
            "transform_matrix": [
                [
                    -0.2927033305168152,
                    -0.955524742603302,
                    0.03601707145571709,
                    0.14518943428993225
                ],
                [
                    0.956203281879425,
                    -0.2924956679344177,
                    0.011025184765458107,
                    0.04444393515586853
                ],
                [
                    0.0,
                    0.037666358053684235,
                    0.9992903470993042,
                    4.028267860412598
                ],
                [
                    0.0,
                    0.0,
                    0.0,
                    1.0
                ]
            ]
        },
        {
            "file_path": "./train/r_35",
            "rotation": 0.012566370614359171,
            "transform_matrix": [
                [
                    0.7347207069396973,
                    0.3502720892429352,
                    -0.5809431672096252,
                    -2.3418567180633545
                ],
                [
                    -0.6783697605133057,
                    0.3793686032295227,
                    -0.6292010545730591,
                    -2.536390542984009
                ],
                [
                    2.9802322387695312e-08,
                    0.8563811779022217,
                    0.5163440108299255,
                    2.081449270248413
                ],
                [
                    0.0,
                    0.0,
                    0.0,
                    1.0
                ]
            ]
        },
        {
            "file_path": "./train/r_36",
            "rotation": 0.012566370614359171,
            "transform_matrix": [
                [
                    0.9519041180610657,
                    -0.05675052851438522,
                    0.301094651222229,
                    1.2137513160705566
                ],
                [
                    0.3063961863517761,
                    0.17631115019321442,
                    -0.9354335069656372,
                    -3.770853042602539
                ],
                [
                    0.0,
                    0.9826971888542175,
                    0.18521946668624878,
                    0.7466435432434082
                ],
                [
                    0.0,
                    0.0,
                    0.0,
                    1.0
                ]
            ]
        },
        {
            "file_path": "./train/r_37",
            "rotation": 0.012566370614359171,
            "transform_matrix": [
                [
                    -0.6792168021202087,
                    -0.6798612475395203,
                    0.27650168538093567,
                    1.1146137714385986
                ],
                [
                    0.733937680721283,
                    -0.6291722655296326,
                    0.25588634610176086,
                    1.0315107107162476
                ],
                [
                    -1.4901158529312397e-08,
                    0.3767373561859131,
                    0.9263202548027039,
                    3.7341158390045166
                ],
                [
                    0.0,
                    0.0,
                    0.0,
                    1.0
                ]
            ]
        },
        {
            "file_path": "./train/r_38",
            "rotation": 0.012566370614359171,
            "transform_matrix": [
                [
                    0.8455115556716919,
                    0.11127413064241409,
                    -0.5222338438034058,
                    -2.105192184448242
                ],
                [
                    -0.5339571237564087,
                    0.17620058357715607,
                    -0.8269479870796204,
                    -3.3335342407226562
                ],
                [
                    -7.450580596923828e-09,
                    0.9780446290969849,
                    0.20839524269104004,
                    0.8400681614875793
                ],
                [
                    0.0,
                    0.0,
                    0.0,
                    1.0
                ]
            ]
        },
        {
            "file_path": "./train/r_39",
            "rotation": 0.012566370614359171,
            "transform_matrix": [
                [
                    -0.25335830450057983,
                    -0.7999536991119385,
                    0.5439518690109253,
                    2.1927402019500732
                ],
                [
                    0.967372477054596,
                    -0.20951072871685028,
                    0.14246293902397156,
                    0.5742864608764648
                ],
                [
                    0.0,
                    0.5622982382774353,
                    0.8269344568252563,
                    3.333479404449463
                ],
                [
                    0.0,
                    0.0,
                    0.0,
                    1.0
                ]
            ]
        },
        {
            "file_path": "./train/r_40",
            "rotation": 0.012566370614359171,
            "transform_matrix": [
                [
                    0.4164935350418091,
                    -0.7038961052894592,
                    0.5753811597824097,
                    2.3194353580474854
                ],
                [
                    0.9091386795043945,
                    0.3224680423736572,
                    -0.263592928647995,
                    -1.0625770092010498
                ],
                [
                    0.0,
                    0.6328859925270081,
                    0.7742451429367065,
                    3.121081590652466
                ],
                [
                    0.0,
                    0.0,
                    0.0,
                    1.0
                ]
            ]
        },
        {
            "file_path": "./train/r_41",
            "rotation": 0.012566370614359171,
            "transform_matrix": [
                [
                    -0.6451196670532227,
                    0.10804574936628342,
                    -0.7564038038253784,
                    -3.049161195755005
                ],
                [
                    -0.7640815377235413,
                    -0.0912238210439682,
                    0.6386373043060303,
                    2.5744292736053467
                ],
                [
                    0.0,
                    0.9899516701698303,
                    0.14140604436397552,
                    0.5700259804725647
                ],
                [
                    0.0,
                    0.0,
                    0.0,
                    1.0
                ]
            ]
        },
        {
            "file_path": "./train/r_42",
            "rotation": 0.012566370614359171,
            "transform_matrix": [
                [
                    -0.3181805908679962,
                    -0.7026041150093079,
                    0.6364814043045044,
                    2.5657386779785156
                ],
                [
                    0.9480302333831787,
                    -0.23580998182296753,
                    0.21361768245697021,
                    0.8611204028129578
                ],
                [
                    0.0,
                    0.6713725924491882,
                    0.7411199808120728,
                    2.9875502586364746
                ],
                [
                    0.0,
                    0.0,
                    0.0,
                    1.0
                ]
            ]
        },
        {
            "file_path": "./train/r_43",
            "rotation": 0.012566370614359171,
            "transform_matrix": [
                [
                    -0.4421003460884094,
                    0.2561318576335907,
                    -0.8596183657646179,
                    -3.4652323722839355
                ],
                [
                    -0.8969655632972717,
                    -0.12624339759349823,
                    0.423692524433136,
                    1.7079591751098633
                ],
                [
                    1.4901160305669237e-08,
                    0.9583626985549927,
                    0.2855536937713623,
                    1.1511037349700928
                ],
                [
                    0.0,
                    0.0,
                    0.0,
                    1.0
                ]
            ]
        },
        {
            "file_path": "./train/r_44",
            "rotation": 0.012566370614359171,
            "transform_matrix": [
                [
                    0.9966132640838623,
                    -0.04428591951727867,
                    0.06928779184818268,
                    0.279308021068573
                ],
                [
                    0.08223162591457367,
                    0.5367269515991211,
                    -0.8397393226623535,
                    -3.3850975036621094
                ],
                [
                    0.0,
                    0.8425929546356201,
                    0.5385509133338928,
                    2.1709680557250977
                ],
                [
                    0.0,
                    0.0,
                    0.0,
                    1.0
                ]
            ]
        },
        {
            "file_path": "./train/r_45",
            "rotation": 0.012566370614359171,
            "transform_matrix": [
                [
                    0.1456034779548645,
                    -0.9186524748802185,
                    0.36725643277168274,
                    1.4804580211639404
                ],
                [
                    0.9893430471420288,
                    0.13519981503486633,
                    -0.05404981970787048,
