{"keyframes": [{"matrix": "[0.9923793102857988,0.12077536733211079,0.024425766451566522,0.0,-0.015070579973794318,-0.07777467625339136,0.9968570517530883,0.0,0.12229547791334121,-0.9896284065143265,-0.0753618286770279,0.0,-0.22373557120240645,-0.3605711519229116,0.029495868742647476,1.0]", "fov": 32, "aspect": 1, "properties": "[[\"FOV\",32],[\"NAME\",\"Camera 0\"],[\"TIME\",0.0]]"}, {"matrix": "[0.9966749684472737,0.08041756580987927,0.013113979630407257,0.0,0.0017246641577787385,-0.18173287504269361,0.9833464455814197,0.0,0.08146156296910369,-0.9800541436129699,-0.18126729194544366,0.0,-0.18389441809934598,-0.3427161101028134,0.028726287906783807,1.0]", "fov": 32, "aspect": 1, "properties": "[[\"FOV\",32],[\"NAME\",\"Camera 1\"],[\"TIME\",0.05]]"}, {"matrix": "[0.99983609520431,0.017832170199716096,-0.003121665640045974,0.0,0.0065178999214976175,-0.19371534193544487,0.9810361268372695,0.0,0.016889289217113357,-0.980895706386119,-0.1937998321173749,0.0,-0.14322179761095663,-0.3302551689946708,0.027004384776209884,1.0]", "fov": 32, "aspect": 1, "properties": "[[\"FOV\",32],[\"NAME\",\"Camera 2\"],[\"TIME\",0.1]]"}, {"matrix": "[0.9995251077503691,-0.02582769913517316,-0.016808524211046685,0.0,0.01152191938285807,-0.19266266705281407,0.981197386823752,0.0,-0.02858044644059896,-0.9809250904253379,-0.19227358671108058,0.0,-0.10556258441694878,-0.31090337573700755,0.02213875992346963,1.0]", "fov": 32, "aspect": 1, "properties": "[[\"FOV\",32],[\"NAME\",\"Camera 3\"],[\"TIME\",0.15]]"}, {"matrix": "[0.9995066254989423,0.014666265427721988,-0.027774790522333965,0.0,0.02911675365116184,-0.10101423042297275,0.9944588410527032,0.0,0.011779347922501165,-0.9947769002591619,-0.10139142636153929,0.0,-0.06830288345556335,-0.29590055771533275,0.016097258404038136,1.0]", "fov": 32, "aspect": 1, "properties": "[[\"FOV\",32],[\"NAME\",\"Camera 4\"],[\"TIME\",0.2]]"}, {"matrix": "[0.9867567827719406,0.15573542660430265,-0.04535979831782819,0.0,0.0331066368088292,0.0803917292521151,0.9962134057063148,0.0,0.1587922594485214,-0.98452203633787,0.07417120801649407,0.0,-0.03455755877686444,-0.2677374920774259,0.007642006619722083,1.0]", "fov": 32, "aspect": 1, "properties": "[[\"FOV\",32],[\"NAME\",\"Camera 5\"],[\"TIME\",0.25]]"}, {"matrix": "[0.9645219063398144,0.2572275406724236,-0.059426468475897776,0.0,-0.00102053796125449,0.22872893936516872,0.9734895856437955,0.0,0.26400089278127226,-0.9388913906138973,0.22087658284418116,0.0,0.0022044691739724225,-0.25213739124866474,0.002630352348990939,1.0]", "fov": 32, "aspect": 1, "properties": "[[\"FOV\",32],[\"NAME\",\"Camera 6\"],[\"TIME\",0.3]]"}, {"matrix": "[0.9046770177334442,0.4200387480759887,-0.07160254666639095,0.0,-0.06896598678352775,0.31017080626522153,0.9481760150766403,0.0,0.4204797018203288,-0.8528549368275429,0.3095727836443534,0.0,0.033271370287705264,-0.23426163027141536,0.004662218315006868,1.0]", "fov": 32, "aspect": 1, "properties": "[[\"FOV\",32],[\"NAME\",\"Camera 7\"],[\"TIME\",0.35]]"}, {"matrix": "[0.7187662468148883,0.6900784640094646,-0.08465693872661635,0.0,-0.16055065499610519,0.2832189826886186,0.9455212728225615,0.0,0.676460362088277,-0.6660170273008315,0.3143607743038657,0.0,0.05436412480236471,-0.2152636158876701,0.009791383449760707,1.0]", "fov": 32, "aspect": 1, "properties": "[[\"FOV\",32],[\"NAME\",\"Camera 8\"],[\"TIME\",0.4]]"}, {"matrix": "[0.4748061834969596,0.8773714726782469,-0.06912574596037145,0.0,-0.11153625193112948,0.13789819902521322,0.9841462318847761,0.0,0.8729941339708548,-0.45956868022117997,0.16333364412791102,0.0,0.0637514410093865,-0.20095026484053885,0.012041733639959386,1.0]", "fov": 32, "aspect": 1, "properties": "[[\"FOV\",32],[\"NAME\",\"Camera 9\"],[\"TIME\",0.45]]"}, {"matrix": "[0.30059198849010155,0.95145615519111,-0.06614834644053798,0.0,0.10060740267418662,0.03733706818187661,0.9942253639943928,0.0,0.9484316361643249,-0.3055112015873195,-0.08450031486576592,0.0,0.08366658970135794,-0.19418218970414056,0.012587513873618448,1.0]", "fov": 32, "aspect": 1, "properties": "[[\"FOV\",32],[\"NAME\",\"Camera 10\"],[\"TIME\",0.5]]"}, {"matrix": "[0.2427912819836694,0.9661664212593152,-0.08703382559347417,0.0,0.1572505632619654,0.049333774659213986,0.9863257117223008,0.0,0.9572484558329857,-0.2531573877611119,-0.13995239980338628,0.0,0.10589886574500076,-0.17735951261213548,0.017637001301129066,1.0]", "fov": 32, "aspect": 1, "properties": "[[\"FOV\",32],[\"NAME\",\"Camera 11\"],[\"TIME\",0.55]]"}, {"matrix": "[0.28227799094853834,0.9540739923018088,-0.10030944396843586,0.0,0.17903476518854117,0.050333525742131825,0.9825543620872073,0.0,0.9424784906679519,-0.295312337528155,-0.15660436907367478,0.0,0.12833016699071603,-0.16102722993330457,0.010444882980126262,1.0]", "fov": 32, "aspect": 1, "properties": "[[\"FOV\",32],[\"NAME\",\"Camera 12\"],[\"TIME\",0.6]]"}, {"matrix": "[0.2262951519990987,0.9673367583321539,-0.11423696017770806,0.0,0.13010945432732302,0.08620969253634514,0.9877445942973798,0.0,0.9653300192675472,-0.23838513272783998,-0.10635082663091211,0.0,0.15074496579795482,-0.13851617437174765,0.0035483320564793203,1.0]", "fov": 32, "aspect": 1, "properties": "[[\"FOV\",32],[\"NAME\",\"Camera 13\"],[\"TIME\",0.65]]"}, {"matrix": "[0.16137217962265113,0.9779823330032617,-0.13232394241396306,0.0,-0.051448507652309794,0.14223560354588533,0.9884948445821936,0.0,0.9855516625456823,-0.15270769536290515,0.07326859393362484,0.0,0.18012649613491127,-0.11714973300837656,-0.0020880045650698413,1.0]", "fov": 32, "aspect": 1, "properties": "[[\"FOV\",32],[\"NAME\",\"Camera 14\"],[\"TIME\",0.7]]"}, {"matrix": "[0.20461417832880552,0.9691558888529029,-0.13736790270453625,0.0,-0.10808955378230613,0.16184990328206963,0.9808777817468195,0.0,0.9728564521258715,-0.18585347103669658,0.13787241210895693,0.0,0.21097027827011422,-0.09414888760438317,-0.0012643436603986275,1.0]", "fov": 32, "aspect": 1, "properties": "[[\"FOV\",32],[\"NAME\",\"Camera 15\"],[\"TIME\",0.75]]"}, {"matrix": "[0.2631492653403838,0.9564494959062294,-0.12632028511664523,0.0,-0.13568997101233415,0.16632609659482286,0.976690285176393,0.0,0.9551652767135165,-0.2398749229156523,0.1735492010683396,0.0,0.23914804846947904,-0.06760086882377878,-0.0016875735466341413,1.0]", "fov": 32, "aspect": 1, "properties": "[[\"FOV\",32],[\"NAME\",\"Camera 16\"],[\"TIME\",0.8]]"}, {"matrix": "[0.32403146095925683,0.9392391227397173,-0.11328485685888787,0.0,-0.13399490147933082,0.1641029051007034,0.9773001511732727,0.0,0.9365089046278162,-0.301496404372535,0.1790277618941762,0.0,0.2774177430939321,-0.04554981811353571,-0.001370662188142475,1.0]", "fov": 32, "aspect": 1, "properties": "[[\"FOV\",32],[\"NAME\",\"Camera 17\"],[\"TIME\",0.85]]"}, {"matrix": "[0.3891986464904285,0.9155973775575487,-0.10102406185346863,0.0,-0.121065121409511,0.15956281938326508,0.9797361699125858,0.0,0.9131635434463771,-0.36908148288352316,0.17294853948176966,0.0,0.32007424661349904,-0.025802578929365338,0.0013317346473434072,1.0]", "fov": 32, "aspect": 1, "properties": "[[\"FOV\",32],[\"NAME\",\"Camera 18\"],[\"TIME\",0.9]]"}, {"matrix": "[0.45238769904236714,0.8871770729644081,-0.09089647270451301,0.0,-0.06823289642527607,0.13605529094130375,0.9883487555134707,0.0,0.8892073074508072,-0.4409146953594796,0.12208440423118952,0.0,0.361861534621482,-0.006856077690936639,0.0010468491406381,1.0]", "fov": 32, "aspect": 1, "properties": "[[\"FOV\",32],[\"NAME\",\"Camera 19\"],[\"TIME\",0.95]]"}, {"matrix": "[0.5066927381073012,0.8580691742206378,-0.08354502220274548,0.0,-0.008958822910823777,0.10214103654650751,0.9947295922644895,0.0,0.8620801885484797,-0.5032737688601108,0.05944141089502603,0.0,0.39138597998286023,0.01716822451738697,-0.004444664990323043,1.0]", "fov": 32, "aspect": 1, "properties": "[[\"FOV\",32],[\"NAME\",\"Camera 20\"],[\"TIME\",1.0]]"}], "camera_type": "perspective", "render_height": 540, "render_width": 960, "camera_path": [{"camera_to_world": [0.9923793102857988, -0.015070579973794318, 0.12229547791334121, -0.22373557120240645, 0.12077536733211079, -0.07777467625339136, -0.9896284065143265, -0.3605711519229116, 0.024425766451566522, 0.9968570517530883, -0.0753618286770279, 0.029495868742647476, 0.0, 0.0, 0.0, 1.0], "fov": 32, "aspect": 1}, {"camera_to_world": [0.9966749684472737, 0.0017246641577787385, 0.08146156296910369, -0.18389441809934598, 0.08041756580987927, -0.18173287504269361, -0.9800541436129699, -0.3427161101028134, 0.013113979630407257, 0.9833464455814197, -0.18126729194544366, 0.028726287906783807, 0.0, 0.0, 0.0, 1.0], "fov": 32, "aspect": 1}, {"camera_to_world": [0.99983609520431, 0.0065178999214976175, 0.016889289217113357, -0.14322179761095663, 0.017832170199716096, -0.19371534193544487, -0.980895706386119, -0.3302551689946708, -0.003121665640045974, 0.9810361268372695, -0.1937998321173749, 0.027004384776209884, 0.0, 0.0, 0.0, 1.0], "fov": 32, "aspect": 1}, {"camera_to_world": [0.9995251077503691, 0.01152191938285807, -0.02858044644059896, -0.10556258441694878, -0.02582769913517316, -0.19266266705281407, -0.9809250904253379, -0.31090337573700755, -0.016808524211046685, 0.981197386823752, -0.19227358671108058, 0.02213875992346963, 0.0, 0.0, 0.0, 1.0], "fov": 32, "aspect": 1}, {"camera_to_world": [0.9995066254989423, 0.02911675365116184, 0.011779347922501165, -0.06830288345556335, 0.014666265427721988, -0.10101423042297275, -0.9947769002591619, -0.29590055771533275, -0.027774790522333965, 0.9944588410527032, -0.10139142636153929, 0.016097258404038136, 0.0, 0.0, 0.0, 1.0], "fov": 32, "aspect": 1}, {"camera_to_world": [0.9867567827719406, 0.0331066368088292, 0.1587922594485214, -0.03455755877686444, 0.15573542660430265, 0.0803917292521151, -0.98452203633787, -0.2677374920774259, -0.04535979831782819, 0.9962134057063148, 0.07417120801649407, 0.007642006619722083, 0.0, 0.0, 0.0, 1.0], "fov": 32, "aspect": 1}, {"camera_to_world": [0.9645219063398144, -0.00102053796125449, 0.26400089278127226, 0.0022044691739724225, 0.2572275406724236, 0.22872893936516872, -0.9388913906138973, -0.25213739124866474, -0.059426468475897776, 0.9734895856437955, 0.22087658284418116, 0.002630352348990939, 0.0, 0.0, 0.0, 1.0], "fov": 32, "aspect": 1}, {"camera_to_world": [0.9046770177334442, -0.06896598678352775, 0.4204797018203288, 0.033271370287705264, 0.4200387480759887, 0.31017080626522153, -0.8528549368275429, -0.23426163027141536, -0.07160254666639095, 0.9481760150766403, 0.3095727836443534, 0.004662218315006868, 0.0, 0.0, 0.0, 1.0], "fov": 32, "aspect": 1}, {"camera_to_world": [0.7187662468148883, -0.16055065499610519, 0.676460362088277, 0.05436412480236471, 0.6900784640094646, 0.2832189826886186, -0.6660170273008315, -0.2152636158876701, -0.08465693872661635, 0.9455212728225615, 0.3143607743038657, 0.009791383449760707, 0.0, 0.0, 0.0, 1.0], "fov": 32, "aspect": 1}, {"camera_to_world": [0.4748061834969596, -0.11153625193112948, 0.8729941339708548, 0.0637514410093865, 0.8773714726782469, 0.13789819902521322, -0.45956868022117997, -0.20095026484053885, -0.06912574596037145, 0.9841462318847761, 0.16333364412791102, 0.012041733639959386, 0.0, 0.0, 0.0, 1.0], "fov": 32, "aspect": 1}, {"camera_to_world": [0.30059198849010155, 0.10060740267418662, 0.9484316361643249, 0.08366658970135794, 0.95145615519111, 0.03733706818187661, -0.3055112015873195, -0.19418218970414056, -0.06614834644053798, 0.9942253639943928, -0.08450031486576592, 0.012587513873618448, 0.0, 0.0, 0.0, 1.0], "fov": 32, "aspect": 1}, {"camera_to_world": [0.2427912819836694, 0.1572505632619654, 0.9572484558329857, 0.10589886574500076, 0.9661664212593152, 0.049333774659213986, -0.2531573877611119, -0.17735951261213548, -0.08703382559347417, 0.9863257117223008, -0.13995239980338628, 0.017637001301129066, 0.0, 0.0, 0.0, 1.0], "fov": 32, "aspect": 1}, {"camera_to_world": [0.28227799094853834, 0.17903476518854117, 0.9424784906679519, 0.12833016699071603, 0.9540739923018088, 0.050333525742131825, -0.295312337528155, -0.16102722993330457, -0.10030944396843586, 0.9825543620872073, -0.15660436907367478, 0.010444882980126262, 0.0, 0.0, 0.0, 1.0], "fov": 32, "aspect": 1}, {"camera_to_world": [0.2262951519990987, 0.13010945432732302, 0.9653300192675472, 0.15074496579795482, 0.9673367583321539, 0.08620969253634514, -0.23838513272783998, -0.13851617437174765, -0.11423696017770806, 0.9877445942973798, -0.10635082663091211, 0.0035483320564793203, 0.0, 0.0, 0.0, 1.0], "fov": 32, "aspect": 1}, {"camera_to_world": [0.16137217962265113, -0.051448507652309794, 0.9855516625456823, 0.18012649613491127, 0.9779823330032617, 0.14223560354588533, -0.15270769536290515, -0.11714973300837656, -0.13232394241396306, 0.9884948445821936, 0.07326859393362484, -0.0020880045650698413, 0.0, 0.0, 0.0, 1.0], "fov": 32, "aspect": 1}, {"camera_to_world": [0.20461417832880552, -0.10808955378230613, 0.9728564521258715, 0.21097027827011422, 0.9691558888529029, 0.16184990328206963, -0.18585347103669658, -0.09414888760438317, -0.13736790270453625, 0.9808777817468195, 0.13787241210895693, -0.0012643436603986275, 0.0, 0.0, 0.0, 1.0], "fov": 32, "aspect": 1}, {"camera_to_world": [0.2631492653403838, -0.13568997101233415, 0.9551652767135165, 0.23914804846947904, 0.9564494959062294, 0.16632609659482286, -0.2398749229156523, -0.06760086882377878, -0.12632028511664523, 0.976690285176393, 0.1735492010683396, -0.0016875735466341413, 0.0, 0.0, 0.0, 1.0], "fov": 32, "aspect": 1}, {"camera_to_world": [0.32403146095925683, -0.13399490147933082, 0.9365089046278162, 0.2774177430939321, 0.9392391227397173, 0.1641029051007034, -0.301496404372535, -0.04554981811353571, -0.11328485685888787, 0.9773001511732727, 0.1790277618941762, -0.001370662188142475, 0.0, 0.0, 0.0, 1.0], "fov": 32, "aspect": 1}, {"camera_to_world": [0.3891986464904285, -0.121065121409511, 0.9131635434463771, 0.32007424661349904, 0.9155973775575487, 0.15956281938326508, -0.36908148288352316, -0.025802578929365338, -0.10102406185346863, 0.9797361699125858, 0.17294853948176966, 0.0013317346473434072, 0.0, 0.0, 0.0, 1.0], "fov": 32, "aspect": 1}, {"camera_to_world": [0.45238769904236714, -0.06823289642527607, 0.8892073074508072, 0.361861534621482, 0.8871770729644081, 0.13605529094130375, -0.4409146953594796, -0.006856077690936639, -0.09089647270451301, 0.9883487555134707, 0.12208440423118952, 0.0010468491406381, 0.0, 0.0, 0.0, 1.0], "fov": 32, "aspect": 1}, {"camera_to_world": [0.5066927381073012, -0.008958822910823777, 0.8620801885484797, 0.39138597998286023, 0.8580691742206378, 0.10214103654650751, -0.5032737688601108, 0.01716822451738697, -0.08354502220274548, 0.9947295922644895, 0.05944141089502603, -0.004444664990323043, 0.0, 0.0, 0.0, 1.0], "fov": 32, "aspect": 1}], "fps": 30.000000000000004, "seconds": 0.7, "smoothness_value": 0.5, "is_cycle": false, "crop": null}