{"keyframes": [{"matrix": "[-1.0000001192092896,0.0,0.0,0.0,0.0,-0.7341100573539734,0.67903071641922,0.0,0.0,0.67903071641922,0.7341099977493286,0.0,0.0,2.737260103225708,2.959291696548462,1.0]", "fov": 35.5, "aspect": 1, "properties": "[[\"FOV\",35.5],[\"NAME\",\"Camera 0\"],[\"TIME\",0.0]]"}, {"matrix": "[-0.9980268478393555,-0.06279052793979645,-3.725290298461914e-09,0.0,0.04609515145421028,-0.7326614856719971,0.67903071641922,0.0,-0.0426366925239563,0.6776908040046692,0.7341099977493286,0.0,-0.17187398672103882,2.731858730316162,2.959291696548462,1.0]", "fov": 35.5, "aspect": 1, "properties": "[[\"FOV\",35.5],[\"NAME\",\"Camera 1\"],[\"TIME\",0.005025125628140704]]"}, {"matrix": "[-0.9921148419380188,-0.1253332495689392,0.0,0.0,0.09199368953704834,-0.7282050251960754,0.6791574954986572,0.0,-0.08512100577354431,0.6738021373748779,0.7339927554130554,0.0,-0.34313371777534485,2.7161829471588135,2.9588191509246826,1.0]", "fov": 35.5, "aspect": 1, "properties": "[[\"FOV\",35.5],[\"NAME\",\"Camera 2\"],[\"TIME\",0.010050251256281407]]"}, {"matrix": "[-0.9822872877120972,-0.1873813420534134,1.4901159417490817e-08,0.0,0.13747063279151917,-0.7206461429595947,0.6795375347137451,0.0,-0.1273326575756073,0.6675010919570923,0.7336409091949463,0.0,-0.5132942199707031,2.690782308578491,2.9574005603790283,1.0]", "fov": 35.5, "aspect": 1, "properties": "[[\"FOV\",35.5],[\"NAME\",\"Camera 3\"],[\"TIME\",0.01507537688442211]]"}, {"matrix": "[-0.968583345413208,-0.24868996441364288,7.450581485102248e-09,0.0,0.18230324983596802,-0.7100241780281067,0.6801701188087463,0.0,-0.1691514551639557,0.6588013768196106,0.7330544590950012,0.0,-0.6818711757659912,2.655712842941284,2.9550364017486572,1.0]", "fov": 35.5, "aspect": 1, "properties": "[[\"FOV\",35.5],[\"NAME\",\"Camera 4\"],[\"TIME\",0.020100502512562814]]"}, {"matrix": "[-0.951056718826294,-0.3090170621871948,1.4901162970204496e-08,0.0,0.2262725532054901,-0.696395218372345,0.6810541152954102,0.0,-0.21045731008052826,0.6477209329605103,0.7322332262992859,0.0,-0.848380446434021,2.611046314239502,2.951726198196411,1.0]", "fov": 35.5, "aspect": 1, "properties": "[[\"FOV\",35.5],[\"NAME\",\"Camera 5\"],[\"TIME\",0.02512562814070352]]"}, {"matrix": "[-0.9297767877578735,-0.36812466382980347,0.0,0.0,0.2691642642021179,-0.679831326007843,0.6821877360343933,0.0,-0.25113004446029663,0.6342820525169373,0.7311771512031555,0.0,-1.0123374462127686,2.556872606277466,2.9474692344665527,1.0]", "fov": 35.5, "aspect": 1, "properties": "[[\"FOV\",35.5],[\"NAME\",\"Camera 6\"],[\"TIME\",0.03015075376884422]]"}, {"matrix": "[-0.9048272371292114,-0.42577940225601196,0.0,0.0,0.3107704520225525,-0.660420835018158,0.6835687160491943,0.0,-0.29104939103126526,0.618511438369751,0.7298862934112549,0.0,-1.1732574701309204,2.4932990074157715,2.942265510559082,1.0]", "fov": 35.5, "aspect": 1, "properties": "[[\"FOV\",35.5],[\"NAME\",\"Camera 7\"],[\"TIME\",0.035175879396984924]]"}, {"matrix": "[-0.8763067722320557,-0.48175376653671265,1.4901162970204496e-08,0.0,0.35089030861854553,-0.6382669806480408,0.6851943135261536,0.0,-0.33009493350982666,0.6004403829574585,0.7283603549003601,0.0,-1.3306550979614258,2.420452356338501,2.9361143112182617,1.0]", "fov": 35.5, "aspect": 1, "properties": "[[\"FOV\",35.5],[\"NAME\",\"Camera 8\"],[\"TIME\",0.04020100502512563]]"}, {"matrix": "[-0.8443281650543213,-0.5358269810676575,0.0,0.0,0.3893313407897949,-0.613487958908081,0.687061607837677,0.0,-0.36814606189727783,0.5801053047180176,0.7265992164611816,0.0,-1.484044075012207,2.3384790420532227,2.9290149211883545,1.0]", "fov": 35.5, "aspect": 1, "properties": "[[\"FOV\",35.5],[\"NAME\",\"Camera 9\"],[\"TIME\",0.04522613065326633]]"}, {"matrix": "[-0.8090170621871948,-0.5877854228019714,1.4901162970204496e-08,0.0,0.4259108901023865,-0.5862159132957458,0.6891667246818542,0.0,-0.40508219599723816,0.5575476884841919,0.7246028184890747,0.0,-1.632938265800476,2.247546434402466,2.9209671020507812,1.0]", "fov": 35.5, "aspect": 1, "properties": "[[\"FOV\",35.5],[\"NAME\",\"Camera 10\"],[\"TIME\",0.05025125628140704]]"}, {"matrix": "[-0.7705134153366089,-0.637424111366272,1.4901164746561335e-08,0.0,0.4604565501213074,-0.5565962791442871,0.6915059089660645,0.0,-0.44078248739242554,0.5328144431114197,0.7223709225654602,0.0,-1.7768508195877075,2.147843360900879,2.9119701385498047,1.0]", "fov": 35.5, "aspect": 1, "properties": "[[\"FOV\",35.5],[\"NAME\",\"Camera 11\"],[\"TIME\",0.05527638190954774]]"}, {"matrix": "[-0.728968620300293,-0.6845473051071167,-1.4901164746561335e-08,0.0,0.49280792474746704,-0.5247870087623596,0.6940741539001465,0.0,-0.47512656450271606,0.5059582591056824,0.7199035286903381,0.0,-1.915296196937561,2.0395827293395996,2.9020237922668457,1.0]", "fov": 35.5, "aspect": 1, "properties": "[[\"FOV\",35.5],[\"NAME\",\"Camera 12\"],[\"TIME\",0.06030150753768844]]"}, {"matrix": "[-0.6845472455024719,-0.7289689183235168,0.0,0.0,0.5228167772293091,-0.4909575283527374,0.6968668103218079,0.0,-0.5079941749572754,0.47703817486763,0.7172005772590637,0.0,-2.0477898120880127,1.9230021238327026,2.891127824783325,1.0]", "fov": 35.5, "aspect": 1, "properties": "[[\"FOV\",35.5],[\"NAME\",\"Camera 13\"],[\"TIME\",0.06532663316582915]]"}, {"matrix": "[-0.6374239921569824,-0.7705135345458984,0.0,0.0,0.5503484606742859,-0.4552876949310303,0.699878454208374,0.0,-0.5392656922340393,0.4461192488670349,0.714262068271637,0.0,-2.17384934425354,1.7983639240264893,2.879282236099243,1.0]", "fov": 35.5, "aspect": 1, "properties": "[[\"FOV\",35.5],[\"NAME\",\"Camera 14\"],[\"TIME\",0.07035175879396985]]"}, {"matrix": "[-0.5877851247787476,-0.8090173006057739,0.0,0.0,0.5752824544906616,-0.41796696186065674,0.7031030654907227,0.0,-0.56882244348526,0.41327351331710815,0.7110880613327026,0.0,-2.292996406555176,1.6659585237503052,2.866487503051758,1.0]", "fov": 35.5, "aspect": 1, "properties": "[[\"FOV\",35.5],[\"NAME\",\"Camera 15\"],[\"TIME\",0.07537688442211055]]"}, {"matrix": "[-0.5358267426490784,-0.8443281650543213,-2.980232949312267e-08,0.0,0.5975128412246704,-0.37919309735298157,0.7065344452857971,0.0,-0.5965468287467957,0.3785800337791443,0.7076786756515503,0.0,-2.404757022857666,1.5261046886444092,2.8527438640594482,1.0]", "fov": 35.5, "aspect": 1, "properties": "[[\"FOV\",35.5],[\"NAME\",\"Camera 16\"],[\"TIME\",0.08040201005025126]]"}, {"matrix": "[-0.4817535877227783,-0.8763070106506348,1.4901164746561335e-08,0.0,0.6169499754905701,-0.3391709327697754,0.7101660370826721,0.0,-0.6223233342170715,0.34212496876716614,0.7040342688560486,0.0,-2.5086653232574463,1.3791497945785522,2.838052749633789,1.0]", "fov": 35.5, "aspect": 1, "properties": "[[\"FOV\",35.5],[\"NAME\",\"Camera 17\"],[\"TIME\",0.08542713567839195]]"}, {"matrix": "[-0.4257791042327881,-0.9048272371292114,1.4901161193847656e-08,0.0,0.6335194706916809,-0.2981114387512207,0.7139908075332642,0.0,-0.646038293838501,0.3040023744106293,0.7001551985740662,0.0,-2.6042633056640625,1.2254726886749268,2.822415590286255,1.0]", "fov": 35.5, "aspect": 1, "properties": "[[\"FOV\",35.5],[\"NAME\",\"Camera 18\"],[\"TIME\",0.09045226130653267]]"}, {"matrix": "[-0.3681243360042572,-0.9297767877578735,0.0,0.0,0.6471633315086365,-0.25622987747192383,0.7180014252662659,0.0,-0.6675809025764465,0.2643137574195862,0.6960417628288269,0.0,-2.6911044120788574,1.06548273563385,2.8058338165283203,1.0]", "fov": 35.5, "aspect": 1, "properties": "[[\"FOV\",35.5],[\"NAME\",\"Camera 19\"],[\"TIME\",0.09547738693467336]]"}, {"matrix": "[-0.30901679396629333,-0.9510567784309387,0.0,0.0,0.6578409075737,-0.21374528110027313,0.7221899032592773,0.0,-0.6868435144424438,0.22316880524158478,0.6916948556900024,0.0,-2.768754482269287,0.8996220827102661,2.788311004638672,1.0]", "fov": 35.5, "aspect": 1, "properties": "[[\"FOV\",35.5],[\"NAME\",\"Camera 20\"],[\"TIME\",0.10050251256281408]]"}, {"matrix": "[-0.2486896514892578,-0.968583345413208,0.0,0.0,0.6655283570289612,-0.17087842524051666,0.7265486121177673,0.0,-0.7037227749824524,0.18068507313728333,0.6871151924133301,0.0,-2.836796998977661,0.7283647656440735,2.7698497772216797,1.0]", "fov": 35.5, "aspect": 1, "properties": "[[\"FOV\",35.5],[\"NAME\",\"Camera 21\"],[\"TIME\",0.10552763819095477]]"}, {"matrix": "[-0.18738101422786713,-0.9822874069213867,7.450581485102248e-09,0.0,0.6702184677124023,-0.12785077095031738,0.7310687303543091,0.0,-0.7181196212768555,0.13698840141296387,0.6823038458824158,0.0,-2.8948326110839844,0.5522178411483765,2.7504544258117676,1.0]", "fov": 35.5, "aspect": 1, "properties": "[[\"FOV\",35.5],[\"NAME\",\"Camera 22\"],[\"TIME\",0.11055276381909548]]"}, {"matrix": "[-0.12533292174339294,-0.9921149611473083,-3.725291186640334e-09,0.0,0.67192143201828,-0.0848831832408905,0.7357420921325684,0.0,-0.7299405932426453,0.09221268445253372,0.6772618889808655,0.0,-2.9424843788146973,0.37172117829322815,2.7301297187805176,1.0]", "fov": 35.5, "aspect": 1, "properties": "[[\"FOV\",35.5],[\"NAME\",\"Camera 23\"],[\"TIME\",0.11557788944723618]]"}, {"matrix": "[-0.0627901628613472,-0.998026967048645,-1.862645593320167e-09,0.0,0.67066490650177,-0.04219441115856171,0.7405593991279602,0.0,-0.7390981316566467,0.046499837189912796,0.6719909310340881,0.0,-2.9793996810913086,0.18744681775569916,2.7088818550109863,1.0]", "fov": 35.5, "aspect": 1, "properties": "[[\"FOV\",35.5],[\"NAME\",\"Camera 24\"],[\"TIME\",0.12060301507537688]]"}, {"matrix": "[4.0133926404450904e-07,-1.0000001192092896,0.0,0.0,0.6664925217628479,2.674895824839041e-07,0.7455118298530579,0.0,-0.7455118298530579,-2.992031227222469e-07,0.6664925217628479,0.0,-3.005254030227661,-1.206126285069331e-06,2.6867170333862305,1.0]", "fov": 35.5, "aspect": 1, "properties": "[[\"FOV\",35.5],[\"NAME\",\"Camera 25\"],[\"TIME\",0.12562814070351758]]"}, {"matrix": "[0.06279096007347107,-0.9980269074440002,0.0,0.0,0.6594647169113159,0.04149028658866882,0.7505896687507629,0.0,-0.7491085529327393,-0.047130241990089417,0.6607686877250671,0.0,-3.0197529792785645,-0.18998804688453674,2.6636435985565186,1.0]", "fov": 35.5, "aspect": 1, "properties": "[[\"FOV\",35.5],[\"NAME\",\"Camera 26\"],[\"TIME\",0.1306532663316583]]"}, {"matrix": "[0.12533371150493622,-0.992114782333374,0.0,0.0,0.6496581435203552,0.0820712149143219,0.7557836771011353,0.0,-0.7498239278793335,-0.09472514688968658,0.6548215746879578,0.0,-3.022636651992798,-0.3818492293357849,2.639669895172119,1.0]", "fov": 35.5, "aspect": 1, "properties": "[[\"FOV\",35.5],[\"NAME\",\"Camera 27\"],[\"TIME\",0.135678391959799]]"}, {"matrix": "[0.1873817890882492,-0.9822872877120972,0.0,0.0,0.6371641755104065,0.12154587358236313,0.7610836625099182,0.0,-0.7476028203964233,-0.1426132321357727,0.6486537456512451,0.0,-3.0136830806732178,-0.5748922824859619,2.614806652069092,1.0]", "fov": 35.5, "aspect": 1, "properties": "[[\"FOV\",35.5],[\"NAME\",\"Camera 28\"],[\"TIME\",0.1407035175879397]]"}, {"matrix": "[0.2486904263496399,-0.9685832262039185,-7.450582373280668e-09,0.0,0.6220898032188416,0.1597258448600769,0.7664802670478821,0.0,-0.7423998117446899,-0.19061629474163055,0.6422678828239441,0.0,-2.992709159851074,-0.7683987617492676,2.589064359664917,1.0]", "fov": 35.5, "aspect": 1, "properties": "[[\"FOV\",35.5],[\"NAME\",\"Camera 29\"],[\"TIME\",0.1457286432160804]]"}, {"matrix": "[0.309017539024353,-0.9510564804077148,0.0,0.0,0.6045553088188171,0.19643229246139526,0.7719632387161255,0.0,-0.7341805696487427,-0.23855017125606537,0.6356672644615173,0.0,-2.959576368331909,-0.9616263508796692,2.5624563694000244,1.0]", "fov": 35.5, "aspect": 1, "properties": "[[\"FOV\",35.5],[\"NAME\",\"Camera 30\"],[\"TIME\",0.1507537688442211]]"}, {"matrix": "[0.3681251108646393,-0.9297764301300049,1.4901162970204496e-08,0.0,0.5846946239471436,0.2314973771572113,0.7775225043296814,0.0,-0.7229220271110535,-0.2862255573272705,0.6288551688194275,0.0,-2.914191722869873,-1.153812050819397,2.5349960327148438,1.0]", "fov": 35.5, "aspect": 1, "properties": "[[\"FOV\",35.5],[\"NAME\",\"Camera 31\"],[\"TIME\",0.15577889447236182]]"}, {"matrix": "[0.42577993869781494,-0.9048269987106323,-1.4901164746561335e-08,0.0,0.5626534223556519,0.26476502418518066,0.7831478714942932,0.0,-0.7086132168769836,-0.3334486186504364,0.6218355298042297,0.0,-2.856511116027832,-1.3441742658615112,2.5066988468170166,1.0]", "fov": 35.5, "aspect": 1, "properties": "[[\"FOV\",35.5],[\"NAME\",\"Camera 32\"],[\"TIME\",0.16080402010050251]]"}, {"matrix": "[0.48175424337387085,-0.8763065934181213,-1.4901162970204496e-08,0.0,0.53858882188797,0.29609209299087524,0.788829505443573,0.0,-0.6912562847137451,-0.3800218999385834,0.614612340927124,0.0,-2.7865428924560547,-1.5319170951843262,2.477581262588501,1.0]", "fov": 35.5, "aspect": 1, "properties": "[[\"FOV\",35.5],[\"NAME\",\"Camera 33\"],[\"TIME\",0.1658291457286432]]"}, {"matrix": "[0.5358274579048157,-0.8443278074264526,-1.4901164746561335e-08,0.0,0.5126675367355347,0.3253491520881653,0.7945566177368164,0.0,-0.6708660125732422,-0.4257451593875885,0.6071902513504028,0.0,-2.7043471336364746,-1.7162333726882935,2.447661876678467,1.0]", "fov": 35.5, "aspect": 1, "properties": "[[\"FOV\",35.5],[\"NAME\",\"Camera 34\"],[\"TIME\",0.1708542713567839]]"}, {"matrix": "[0.5877858996391296,-0.8090168237686157,1.4901164746561335e-08,0.0,0.48506537079811096,0.3524211347103119,0.800319254398346,0.0,-0.6474716067314148,-0.4704163372516632,0.599574089050293,0.0,-2.610041379928589,-1.8963086605072021,2.4169602394104004,1.0]", "fov": 35.5, "aspect": 1, "properties": "[[\"FOV\",35.5],[\"NAME\",\"Camera 35\"],[\"TIME\",0.17587939698492464]]"}, {"matrix": "[0.6374247074127197,-0.7705129384994507,0.0,0.0,0.4559656083583832,0.3772081732749939,0.8061075210571289,0.0,-0.6211161017417908,-0.5138327479362488,0.5917690396308899,0.0,-2.5037992000579834,-2.0713260173797607,2.3854973316192627,1.0]", "fov": 35.5, "aspect": 1, "properties": "[[\"FOV\",35.5],[\"NAME\",\"Camera 36\"],[\"TIME\",0.18090452261306533]]"}, {"matrix": "[0.6845476627349854,-0.7289682626724243,-1.4901164746561335e-08,0.0,0.42555782198905945,0.39962589740753174,0.8119113445281982,0.0,-0.5918574929237366,-0.5557919144630432,0.5837809443473816,0.0,-2.3858535289764404,-2.240468740463257,2.3532960414886475,1.0]", "fov": 35.5, "aspect": 1, "properties": "[[\"FOV\",35.5],[\"NAME\",\"Camera 37\"],[\"TIME\",0.18592964824120603]]"}, {"matrix": "[0.7289692163467407,-0.6845465898513794,1.4901164746561335e-08,0.0,0.3940357267856598,0.41960608959198,0.8177204728126526,0.0,-0.5597677230834961,-0.5960929989814758,0.575615644454956,0.0,-2.256495714187622,-2.4029273986816406,2.320380687713623,1.0]", "fov": 35.5, "aspect": 1, "properties": "[[\"FOV\",35.5],[\"NAME\",\"Camera 38\"],[\"TIME\",0.19095477386934673]]"}, {"matrix": "[0.7705138325691223,-0.6374234557151794,0.0,0.0,0.3615972697734833,0.4370967447757721,0.8235254287719727,0.0,-0.5249343514442444,-0.6345376372337341,0.567279577255249,0.0,-2.1160778999328613,-2.5579028129577637,2.2867767810821533,1.0]", "fov": 35.5, "aspect": 1, "properties": "[[\"FOV\",35.5],[\"NAME\",\"Camera 39\"],[\"TIME\",0.19597989949748743]]"}, {"matrix": "[0.809017539024353,-0.5877847075462341,0.0,0.0,0.3284420073032379,0.4520623981952667,0.8293164372444153,0.0,-0.4874594211578369,-0.6709313988685608,0.5587794780731201,0.0,-1.9650115966796875,-2.704610824584961,2.252511978149414,1.0]", "fov": 35.5, "aspect": 1, "properties": "[[\"FOV\",35.5],[\"NAME\",\"Camera 40\"],[\"TIME\",0.20100502512562815]]"}, {"matrix": "[0.8443284630775452,-0.5358262062072754,0.0,0.0,0.29477009177207947,0.46448415517807007,0.835084080696106,0.0,-0.4474598467350006,-0.7050850987434387,0.5501225590705872,0.0,-1.8037680387496948,-2.8422887325286865,2.2176146507263184,1.0]", "fov": 35.5, "aspect": 1, "properties": "[[\"FOV\",35.5],[\"NAME\",\"Camera 41\"],[\"TIME\",0.20603015075376885]]"}, {"matrix": "[0.8763073086738586,-0.48175305128097534,0.0,0.0,0.2607807517051697,0.474359393119812,0.8408190011978149,0.0,-0.4050670564174652,-0.7368156909942627,0.5413163900375366,0.0,-1.6328773498535156,-2.9701988697052,2.1821160316467285,1.0]", "fov": 35.5, "aspect": 1, "properties": "[[\"FOV\",35.5],[\"NAME\",\"Camera 42\"],[\"TIME\",0.21105527638190955]]"}, {"matrix": "[0.9048276543617249,-0.4257785677909851,1.4901164746561335e-08,0.0,0.22667117416858673,0.48170191049575806,0.8465124368667603,0.0,-0.3604268431663513,-0.7659478783607483,0.5323688983917236,0.0,-1.4529269933700562,-3.0876340866088867,2.146047353744507,1.0]", "fov": 35.5, "aspect": 1, "properties": "[[\"FOV\",35.5],[\"NAME\",\"Camera 43\"],[\"TIME\",0.21608040201005024]]"}, {"matrix": "[0.9297770261764526,-0.36812376976013184,1.4901164746561335e-08,0.0,0.19263479113578796,0.4865412712097168,0.8521557450294495,0.0,-0.31369876861572266,-0.7923147678375244,0.5232882499694824,0.0,-1.2645601034164429,-3.193922519683838,2.1094422340393066,1.0]", "fov": 35.5, "aspect": 1, "properties": "[[\"FOV\",35.5],[\"NAME\",\"Camera 44\"],[\"TIME\",0.22110552763819097]]"}, {"matrix": "[0.951056957244873,-0.3090161681175232,0.0,0.0,0.1588600128889084,0.4889223873615265,0.8577404618263245,0.0,-0.2650556266307831,-0.8157598972320557,0.5140832662582397,0.0,-1.0684733390808105,-3.2884328365325928,2.072335720062256,1.0]", "fov": 35.5, "aspect": 1, "properties": "[[\"FOV\",35.5],[\"NAME\",\"Camera 45\"],[\"TIME\",0.22613065326633167]]"}, {"matrix": "[0.9685835242271423,-0.24868899583816528,0.0,0.0,0.125528946518898,0.4889048933982849,0.8632583618164062,0.0,-0.21468280255794525,-0.836137592792511,0.5047627687454224,0.0,-0.8654139637947083,-3.3705780506134033,2.0347635746002197,1.0]", "fov": 35.5, "aspect": 1, "properties": "[[\"FOV\",35.5],[\"NAME\",\"Camera 46\"],[\"TIME\",0.23115577889447236]]"}, {"matrix": "[0.9822875261306763,-0.1873803734779358,0.0,0.0,0.09281624853610992,0.4865623712539673,0.8687013983726501,0.0,-0.1627776026725769,-0.8533146381378174,0.49533611536026,0.0,-0.6561774611473083,-3.4398207664489746,1.9967634677886963,1.0]", "fov": 35.5, "aspect": 1, "properties": "[[\"FOV\",35.5],[\"NAME\",\"Camera 47\"],[\"TIME\",0.23618090452261306]]"}, {"matrix": "[0.9921149611473083,-0.12533225119113922,0.0,0.0,0.060888007283210754,0.4819820821285248,0.8740628957748413,0.0,-0.10954827070236206,-0.8671708703041077,0.48581287264823914,0.0,-0.4416031539440155,-3.4956769943237305,1.9583741426467896,1.0]", "fov": 35.5, "aspect": 1, "properties": "[[\"FOV\",35.5],[\"NAME\",\"Camera 48\"],[\"TIME\",0.24120603015075376]]"}, {"matrix": "[0.998026967048645,-0.06278951466083527,0.0,0.0,0.029900548979640007,0.4752633571624756,0.879335343837738,0.0,-0.05521303415298462,-0.877600371837616,0.4762030839920044,0.0,-0.22257083654403687,-3.5377197265625,1.9196357727050781,1.0]", "fov": 35.5, "aspect": 1, "properties": "[[\"FOV\",35.5],[\"NAME\",\"Camera 49\"],[\"TIME\",0.24623115577889448]]"}, {"matrix": "[1.0000001192092896,1.0410972208774183e-06,2.8421716206667585e-14,0.0,-4.856894406657375e-07,0.46651691198349,0.8845123648643494,0.0,9.208632718582521e-07,-0.8845123648643494,0.4665169417858124,0.0,3.7121180866961367e-06,-3.5655829906463623,1.8805897235870361,1.0]", "fov": 35.5, "aspect": 1, "properties": "[[\"FOV\",35.5],[\"NAME\",\"Camera 50\"],[\"TIME\",0.25125628140703515]]"}, {"matrix": "[0.9980267882347107,0.06279159337282181,0.0,0.0,-0.028680982068181038,0.45586341619491577,0.8895875811576843,0.0,0.05585861578583717,-0.8878321647644043,0.456764817237854,0.0,0.2251732498407364,-3.578965425491333,1.8412775993347168,1.0]", "fov": 35.5, "aspect": 1, "properties": "[[\"FOV\",35.5],[\"NAME\",\"Camera 51\"],[\"TIME\",0.2562814070351759]]"}, {"matrix": "[0.9921147227287292,0.12533433735370636,-3.725290742551124e-09,0.0,-0.05601911619305611,0.44343307614326477,0.894555389881134,0.0,0.11211848258972168,-0.8875013589859009,0.4469574987888336,0.0,0.45196399092674255,-3.577631950378418,1.8017430305480957,1.0]", "fov": 35.5, "aspect": 1, "properties": "[[\"FOV\",35.5],[\"NAME\",\"Camera 52\"],[\"TIME\",0.2613065326633166]]"}, {"matrix": "[0.9822871685028076,0.18738242983818054,0.0,0.0,-0.08190595358610153,0.4293634593486786,0.8994100093841553,0.0,0.16853363811969757,-0.8834789395332336,0.4371058940887451,0.0,0.6793807744979858,-3.5614171028137207,1.762030005455017,1.0]", "fov": 35.5, "aspect": 1, "properties": "[[\"FOV\",35.5],[\"NAME\",\"Camera 53\"],[\"TIME\",0.2663316582914573]]"}, {"matrix": "[0.9685829877853394,0.24869102239608765,7.450581485102248e-09,0.0,-0.10624606162309647,0.41379907727241516,0.9041471481323242,0.0,0.2248532921075821,-0.8757415413856506,0.4272211790084839,0.0,0.9064124822616577,-3.530226707458496,1.7221834659576416,1.0]", "fov": 35.5, "aspect": 1, "properties": "[[\"FOV\",35.5],[\"NAME\",\"Camera 54\"],[\"TIME\",0.271356783919598]]"}, {"matrix": "[0.9510564804077148,0.30901816487312317,0.0,0.0,-0.12895779311656952,0.39688971638679504,0.9087621569633484,0.0,0.2808239459991455,-0.8642838597297668,0.41731470823287964,0.0,1.1320374011993408,-3.484039306640625,1.6822491884231567,1.0]", "fov": 35.5, "aspect": 1, "properties": "[[\"FOV\",35.5],[\"NAME\",\"Camera 55\"],[\"TIME\",0.27638190954773867]]"}, {"matrix": "[0.9297761917114258,0.36812570691108704,0.0,0.0,-0.14997360110282898,0.3787887692451477,0.913250744342804,0.0,0.3361911177635193,-0.8491188287734985,0.40739792585372925,0.0,1.355229377746582,-3.4229068756103516,1.642273187637329,1.0]", "fov": 35.5, "aspect": 1, "properties": "[[\"FOV\",35.5],[\"NAME\",\"Camera 56\"],[\"TIME\",0.2814070351758794]]"}, {"matrix": "[0.9048267006874084,0.4257804751396179,0.0,0.0,-0.16924019157886505,0.359652578830719,0.9176098108291626,0.0,0.3907003104686737,-0.8302778005599976,0.39748242497444153,0.0,1.574963092803955,-3.346956491470337,1.6023026704788208,1.0]", "fov": 35.5, "aspect": 1, "properties": "[[\"FOV\",35.5],[\"NAME\",\"Camera 57\"],[\"TIME\",0.2864321608040201]]"}, {"matrix": "[0.8763062953948975,0.4817548096179962,0.0,0.0,-0.18671847879886627,0.33963868021965027,0.921836256980896,0.0,0.44409897923469543,-0.8078107237815857,0.3875799775123596,0.0,1.790220022201538,-3.2563886642456055,1.5623846054077148,1.0]", "fov": 35.5, "aspect": 1, "properties": "[[\"FOV\",35.5],[\"NAME\",\"Camera 58\"],[\"TIME\",0.2914572864321608]]"}, {"matrix": "[0.8443273901939392,0.5358279943466187,0.0,0.0,-0.20238348841667175,0.31890442967414856,0.9259272217750549,0.0,0.4961376190185547,-0.7817856073379517,0.37770238518714905,0.0,1.9999942779541016,-3.151477813720703,1.522566556930542,1.0]", "fov": 35.5, "aspect": 1, "properties": "[[\"FOV\",35.5],[\"NAME\",\"Camera 59\"],[\"TIME\",0.2964824120603015]]"}, {"matrix": "[0.8090164065361023,0.5877863764762878,0.0,0.0,-0.21622391045093536,0.29760587215423584,0.929880678653717,0.0,0.5465711355209351,-0.7522886395454407,0.36786141991615295,0.0,2.203298568725586,-3.032572031021118,1.4828966856002808,1.0]", "fov": 35.5, "aspect": 1, "properties": "[[\"FOV\",35.5],[\"NAME\",\"Camera 60\"],[\"TIME\",0.3015075376884422]]"}, {"matrix": "[0.770512580871582,0.6374251246452332,0.0,0.0,-0.2282421886920929,0.27589666843414307,0.9336950778961182,0.0,0.5951606631278992,-0.7194237112998962,0.35806912183761597,0.0,2.3991692066192627,-2.9000895023345947,1.4434226751327515,1.0]", "fov": 35.5, "aspect": 1, "properties": "[[\"FOV\",35.5],[\"NAME\",\"Camera 61\"],[\"TIME\",0.3065326633165829]]"}, {"matrix": "[0.7289678454399109,0.6845481991767883,0.0,0.0,-0.23845365643501282,0.25392666459083557,0.9373692870140076,0.0,0.6416744589805603,-0.6833119988441467,0.3483373522758484,0.0,2.586671829223633,-2.7545182704925537,1.4041924476623535,1.0]", "fov": 35.5, "aspect": 1, "properties": "[[\"FOV\",35.5],[\"NAME\",\"Camera 62\"],[\"TIME\",0.31155778894472363]]"}, {"matrix": "[0.6845462322235107,0.7289696335792542,-1.4901162970204496e-08,0.0,-0.24688589572906494,0.23184068500995636,0.9409024119377136,0.0,0.6858891844749451,-0.6440911293029785,0.33867794275283813,0.0,2.7649075984954834,-2.596414089202881,1.365254282951355,1.0]", "fov": 35.5, "aspect": 1, "properties": "[[\"FOV\",35.5],[\"NAME\",\"Camera 63\"],[\"TIME\",0.3165829145728643]]"}, {"matrix": "[0.6374230980873108,0.7705141305923462,-1.4901162970204496e-08,0.0,-0.2535783350467682,0.20977774262428284,0.944294273853302,0.0,0.727591872215271,-0.6019148826599121,0.3291027843952179,0.0,2.933016300201416,-2.426396369934082,1.326655626296997,1.0]", "fov": 35.5, "aspect": 1, "properties": "[[\"FOV\",35.5],[\"NAME\",\"Camera 64\"],[\"TIME\",0.32160804020100503]]"}, {"matrix": "[0.5877843499183655,0.8090176582336426,0.0,0.0,-0.2585812211036682,0.18786980211734772,0.9475447535514832,0.0,0.7665804028511047,-0.5569518804550171,0.3196236491203308,0.0,3.090183973312378,-2.2451446056365967,1.2884440422058105,1.0]", "fov": 35.5, "aspect": 1, "properties": "[[\"FOV\",35.5],[\"NAME\",\"Camera 65\"],[\"TIME\",0.32663316582914576]]"}, {"matrix": "[0.5358258485794067,0.844328761100769,0.0,0.0,-0.2619548738002777,0.16624115407466888,0.9506544470787048,0.0,0.8026646971702576,-0.5093851089477539,0.31025221943855286,0.0,3.2356443405151367,-2.053396701812744,1.250666618347168,1.0]", "fov": 35.5, "aspect": 1, "properties": "[[\"FOV\",35.5],[\"NAME\",\"Camera 66\"],[\"TIME\",0.3316582914572864]]"}, {"matrix": "[0.4817526638507843,0.876307487487793,1.4901164746561335e-08,0.0,-0.26376861333847046,0.14500758051872253,0.9536241888999939,0.0,0.8356678485870361,-0.4594109356403351,0.30100011825561523,0.0,3.3686842918395996,-1.8519444465637207,1.2133702039718628,1.0]", "fov": 35.5, "aspect": 1, "properties": "[[\"FOV\",35.5],[\"NAME\",\"Camera 67\"],[\"TIME\",0.33668341708542715]]"}, {"matrix": "[0.42577826976776123,0.9048277139663696,7.450582373280668e-09,0.0,-0.26409998536109924,0.12427561730146408,0.956455409526825,0.0,0.8654272556304932,-0.40723785758018494,0.29187875986099243,0.0,3.4886484146118164,-1.6416280269622803,1.1766008138656616,1.0]", "fov": 35.5, "aspect": 1, "properties": "[[\"FOV\",35.5],[\"NAME\",\"Camera 68\"],[\"TIME\",0.3417085427135678]]"}, {"matrix": "[0.3681234121322632,0.9297771453857422,0.0,0.0,-0.26303333044052124,0.10414186865091324,0.9591497182846069,0.0,0.89179527759552,-0.35308539867401123,0.2828993797302246,0.0,3.5949413776397705,-1.4233325719833374,1.1404037475585938,1.0]", "fov": 35.5, "aspect": 1, "properties": "[[\"FOV\",35.5],[\"NAME\",\"Camera 69\"],[\"TIME\",0.34673366834170855]]"}, {"matrix": "[0.30901578068733215,0.9510570764541626,0.0,0.0,-0.26065918803215027,0.08469293266534805,0.9617090225219727,0.0,0.914639949798584,-0.29718321561813354,0.27407318353652954,0.0,3.6870310306549072,-1.197983741760254,1.104824185371399,1.0]", "fov": 35.5, "aspect": 1, "properties": "[[\"FOV\",35.5],[\"NAME\",\"Camera 70\"],[\"TIME\",0.35175879396984927]]"}, {"matrix": "[0.24868862330913544,0.9685836434364319,-3.725290742551124e-09,0.0,-0.25707271695137024,0.0660046935081482,0.9641355276107788,0.0,0.9338456988334656,-0.23976948857307434,0.26541098952293396,0.0,3.7644519805908203,-0.966541588306427,1.0699057579040527,1.0]", "fov": 35.5, "aspect": 1, "properties": "[[\"FOV\",35.5],[\"NAME\",\"Camera 71\"],[\"TIME\",0.35678391959798994]]"}, {"matrix": "[0.18738001585006714,0.9822876453399658,-3.725290742551124e-09,0.0,-0.2523728311061859,0.04814234375953674,0.9664318561553955,0.0,0.9493139386177063,-0.18108998239040375,0.2569235861301422,0.0,3.8268063068389893,-0.7299969792366028,1.0356919765472412,1.0]", "fov": 35.5, "aspect": 1, "properties": "[[\"FOV\",35.5],[\"NAME\",\"Camera 72\"],[\"TIME\",0.36180904522613067]]"}, {"matrix": "[0.12533187866210938,0.9921150803565979,0.0,0.0,-0.24666087329387665,0.03116016462445259,0.9686007499694824,0.0,0.9609633684158325,-0.12139654159545898,0.24862131476402283,0.0,3.8737666606903076,-0.4893650412559509,1.0022244453430176,1.0]", "fov": 35.5, "aspect": 1, "properties": "[[\"FOV\",35.5],[\"NAME\",\"Camera 73\"],[\"TIME\",0.36683417085427134]]"}, {"matrix": "[0.06278911232948303,0.998026967048645,-9.313227966600834e-10,0.0,-0.2400398552417755,0.015101686120033264,0.9706454873085022,0.0,0.9687303900718689,-0.06094596907496452,0.24051448702812195,0.0,3.905076742172241,-0.245681032538414,0.9695447683334351,1.0]", "fov": 35.5, "aspect": 1, "properties": "[[\"FOV\",35.5],[\"NAME\",\"Camera 74\"],[\"TIME\",0.37185929648241206]]"}, {"matrix": "[-1.4424365417653462e-06,1.0000001192092896,-2.8421716206667585e-14,0.0,-0.2326129674911499,-3.3552936429259717e-07,0.9725692868232727,0.0,0.972569465637207,1.4028694295120658e-06,0.2326129972934723,0.0,3.9205524921417236,5.6551471061538905e-06,0.9376928806304932,1.0]", "fov": 35.5, "aspect": 1, "properties": "[[\"FOV\",35.5],[\"NAME\",\"Camera 75\"],[\"TIME\",0.3768844221105528]]"}, {"matrix": "[-0.06279199570417404,0.9980268478393555,9.313227966600834e-10,0.0,-0.2244827002286911,-0.014123586006462574,0.97437584400177,0.0,0.9724529981613159,0.06118299067020416,0.22492654621601105,0.0,3.9200830459594727,0.2466364949941635,0.906707763671875,1.0]", "fov": 35.5, "aspect": 1, "properties": "[[\"FOV\",35.5],[\"NAME\",\"Camera 76\"],[\"TIME\",0.38190954773869346]]"}, {"matrix": "[-0.1253347396850586,0.9921146631240845,1.862645593320167e-09,0.0,-0.2157496213912964,-0.027255844324827194,0.9760681986808777,0.0,0.968371570110321,0.12233524769544601,0.21746446192264557,0.0,3.903630256652832,0.4931491017341614,0.8766271471977234,1.0]", "fov": 35.5, "aspect": 1, "properties": "[[\"FOV\",35.5],[\"NAME\",\"Camera 77\"],[\"TIME\",0.3869346733668342]]"}, {"matrix": "[-0.18738283216953278,0.9822871088981628,0.0,0.0,-0.20651191473007202,-0.03939457982778549,0.9776508808135986,0.0,0.9603336453437805,0.18319495022296906,0.2102358192205429,0.0,3.8712282180786133,0.7384824156761169,0.8474875688552856,1.0]", "fov": 35.5, "aspect": 1, "properties": "[[\"FOV\",35.5],[\"NAME\",\"Camera 78\"],[\"TIME\",0.39195979899497485]]"}, {"matrix": "[-0.24869143962860107,0.9685829281806946,3.725291186640334e-09,0.0,-0.1968637853860855,-0.05054635927081108,0.9791269898414612,0.0,0.9483656287193298,0.2435004860162735,0.20324933528900146,0.0,3.822983741760254,0.9815817475318909,0.8193241357803345,1.0]", "fov": 35.5, "aspect": 1, "properties": "[[\"FOV\",35.5],[\"NAME\",\"Camera 79\"],[\"TIME\",0.3969849246231156]]"}, {"matrix": "[-0.3090185523033142,0.951056182384491,0.0,0.0,-0.18689529597759247,-0.060726288706064224,0.980501115322113,0.0,0.932511568069458,0.3029929995536804,0.19651345908641815,0.0,3.7590739727020264,1.22140371799469,0.7921710014343262,1.0]", "fov": 35.5, "aspect": 1, "properties": "[[\"FOV\",35.5],[\"NAME\",\"Camera 80\"],[\"TIME\",0.4020100502512563]]"}, {"matrix": "[-0.3681260943412781,0.9297760725021362,0.0,0.0,-0.17669111490249634,-0.06995728611946106,0.9817771911621094,0.0,0.9128327965736389,0.3614177405834198,0.19003625214099884,0.0,3.679746150970459,1.4569213390350342,0.7660605311393738,1.0]", "fov": 35.5, "aspect": 1, "properties": "[[\"FOV\",35.5],[\"NAME\",\"Camera 81\"],[\"TIME\",0.40703517587939697]]"}, {"matrix": "[-0.42578086256980896,0.9048265218734741,7.450582373280668e-09,0.0,-0.16633009910583496,-0.0782693400979042,0.9829588532447815,0.0,0.889407217502594,0.4185250401496887,0.18382544815540314,0.0,3.5853147506713867,1.6871281862258911,0.7410240173339844,1.0]", "fov": 35.5, "aspect": 1, "properties": "[[\"FOV\",35.5],[\"NAME\",\"Camera 82\"],[\"TIME\",0.4120603015075377]]"}, {"matrix": "[-0.48175519704818726,0.8763060569763184,-7.450581485102248e-09,0.0,-0.15588468313217163,-0.08569865673780441,0.9840507507324219,0.0,0.8623295426368713,0.47407153248786926,0.1778884381055832,0.0,3.476160764694214,1.9110430479049683,0.7170910835266113,1.0]", "fov": 35.5, "aspect": 1, "properties": "[[\"FOV\",35.5],[\"NAME\",\"Camera 83\"],[\"TIME\",0.41708542713567837]]"}, {"matrix": "[-0.5358282923698425,0.8443270921707153,-7.450581485102248e-09,0.0,-0.14542032778263092,-0.09228688478469849,0.9850565195083618,0.0,0.8317098021507263,0.5278210639953613,0.17223221063613892,0.0,3.352729082107544,2.1277146339416504,0.6942901611328125,1.0]", "fov": 35.5, "aspect": 1, "properties": "[[\"FOV\",35.5],[\"NAME\",\"Camera 84\"],[\"TIME\",0.4221105527638191]]"}, {"matrix": "[-0.5877867341041565,0.8090161681175232,0.0,0.0,-0.1349952220916748,-0.09808012843132019,0.9859800934791565,0.0,0.797673761844635,0.5795459747314453,0.16686348617076874,0.0,3.215524911880493,2.33622407913208,0.6726480722427368,1.0]", "fov": 35.5, "aspect": 1, "properties": "[[\"FOV\",35.5],[\"NAME\",\"Camera 85\"],[\"TIME\",0.4271356783919598]]"}, {"matrix": "[-0.6374255418777466,0.7705124020576477,-7.450583261459087e-09,0.0,-0.1246599480509758,-0.10312803834676743,0.9868254065513611,0.0,0.7603611350059509,0.6290276050567627,0.1617884635925293,0.0,3.0651133060455322,2.535691022872925,0.652190089225769,1.0]", "fov": 35.5, "aspect": 1, "properties": "[[\"FOV\",35.5],[\"NAME\",\"Camera 86\"],[\"TIME\",0.4321608040201005]]"}, {"matrix": "[-0.6845484972000122,0.7289674878120422,0.0,0.0,-0.11445747315883636,-0.10748310387134552,0.9875966310501099,0.0,0.7199257016181946,0.6760576367378235,0.15701313316822052,0.0,2.902113199234009,2.7252752780914307,0.6329401135444641,1.0]", "fov": 35.5, "aspect": 1, "properties": "[[\"FOV\",35.5],[\"NAME\",\"Camera 87\"],[\"TIME\",0.4371859296482412]]"}, {"matrix": "[-0.7289699912071228,0.6845459938049316,-7.450582373280668e-09,0.0,-0.1044226884841919,-0.11119924485683441,0.9882968664169312,0.0,0.6765345335006714,0.7204385995864868,0.15254300832748413,0.0,2.7271976470947266,2.9041807651519775,0.6149204969406128,1.0]", "fov": 35.5, "aspect": 1, "properties": "[[\"FOV\",35.5],[\"NAME\",\"Camera 88\"],[\"TIME\",0.44221105527638194]]"}, {"matrix": "[-0.7705146074295044,0.6374228596687317,7.450583261459087e-09,0.0,-0.09458286315202713,-0.1143314465880394,0.9889300465583801,0.0,0.630366325378418,0.7619847059249878,0.1483832597732544,0.0,2.5410878658294678,3.0716586112976074,0.5981520414352417,1.0]", "fov": 35.5, "aspect": 1, "properties": "[[\"FOV\",35.5],[\"NAME\",\"Camera 89\"],[\"TIME\",0.4472361809045226]]"}, {"matrix": "[-0.809018075466156,0.5877838134765625,-7.450580596923828e-09,0.0,-0.08495749533176422,-0.1169344037771225,0.9894992113113403,0.0,0.581611692905426,0.8005228638648987,0.14453870058059692,0.0,2.3445510864257812,3.2270100116729736,0.5826539993286133,1.0]", "fov": 35.5, "aspect": 1, "properties": "[[\"FOV\",35.5],[\"NAME\",\"Camera 90\"],[\"TIME\",0.45226130653266333]]"}, {"matrix": "[-0.8443291187286377,0.5358253717422485,0.0,0.0,-0.07555867731571198,-0.1190618947148323,0.9900076985359192,0.0,0.53047114610672,0.8358921408653259,0.14101365208625793,0.0,2.138397455215454,3.369588613510132,0.5684441328048706,1.0]", "fov": 35.5, "aspect": 1, "properties": "[[\"FOV\",35.5],[\"NAME\",\"Camera 91\"],[\"TIME\",0.457286432160804]]"}, {"matrix": "[-0.8763077259063721,0.4817521274089813,-3.725291186640334e-09,0.0,-0.06639132648706436,-0.12076590210199356,0.9904584884643555,0.0,0.4771553874015808,0.8679462671279907,0.13781222701072693,0.0,1.923474669456482,3.498802900314331,0.5555387735366821,1.0]", "fov": 35.5, "aspect": 1, "properties": "[[\"FOV\",35.5],[\"NAME\",\"Camera 92\"],[\"TIME\",0.4623115577889447]]"}, {"matrix": "[-0.9048280119895935,0.4257776439189911,0.0,0.0,-0.05745357647538185,-0.12209566682577133,0.990854024887085,0.0,0.4218834638595581,0.8965524435043335,0.13493801653385162,0.0,1.7006664276123047,3.6141180992126465,0.543952465057373,1.0]", "fov": 35.5, "aspect": 1, "properties": "[[\"FOV\",35.5],[\"NAME\",\"Camera 93\"],[\"TIME\",0.46733668341708545]]"}, {"matrix": "[-0.9297773241996765,0.36812275648117065,0.0,0.0,-0.04873734712600708,-0.12309718877077103,0.9911971688270569,0.0,0.364882230758667,0.9215925931930542,0.13239428400993347,0.0,1.4708871841430664,3.7150580883026123,0.5336983799934387,1.0]", "fov": 35.5, "aspect": 1, "properties": "[[\"FOV\",35.5],[\"NAME\",\"Camera 94\"],[\"TIME\",0.4723618090452261]]"}, {"matrix": "[-0.9510573148727417,0.309015154838562,0.0,0.0,-0.04022880271077156,-0.12381234765052795,0.9914899468421936,0.0,0.3063853979110718,0.9429636001586914,0.13018392026424408,0.0,1.2350789308547974,3.8012073040008545,0.5247880816459656,1.0]", "fov": 35.5, "aspect": 1, "properties": "[[\"FOV\",35.5],[\"NAME\",\"Camera 95\"],[\"TIME\",0.47738693467336685]]"}, {"matrix": "[-0.9685838222503662,0.24868802726268768,3.725291186640334e-09,0.0,-0.031909000128507614,-0.12427837401628494,0.9917341470718384,0.0,0.2466323971748352,0.9605776071548462,0.12830939888954163,0.0,0.9942068457603455,3.8722116947174072,0.5172316431999207,1.0]", "fov": 35.5, "aspect": 1, "properties": "[[\"FOV\",35.5],[\"NAME\",\"Camera 96\"],[\"TIME\",0.4824120603015075]]"}, {"matrix": "[-0.9822879433631897,0.187379390001297,0.0,0.0,-0.023754602298140526,-0.12452735006809235,0.9919318556785583,0.0,0.1858675330877304,0.9743624329566956,0.12677280604839325,0.0,0.7492559552192688,3.9277801513671875,0.5110374689102173,1.0]", "fov": 35.5, "aspect": 1, "properties": "[[\"FOV\",35.5],[\"NAME\",\"Camera 97\"],[\"TIME\",0.48743718592964824]]"}, {"matrix": "[-0.9921150803565979,0.12533123791217804,0.0,0.0,-0.015738582238554955,-0.12458574026823044,0.9920841455459595,0.0,0.12433911859989166,0.9842615127563477,0.12557591497898102,0.0,0.5012269616127014,3.967684507369995,0.5062126517295837,1.0]", "fov": 35.5, "aspect": 1, "properties": "[[\"FOV\",35.5],[\"NAME\",\"Camera 98\"],[\"TIME\",0.49246231155778897]]"}, {"matrix": "[-0.9980270266532898,0.0627884715795517,4.656613428188905e-10,0.0,-0.007830977439880371,-0.1244739294052124,0.9921920895576477,0.0,0.06229821965098381,0.9902344346046448,0.12472003698348999,0.0,0.2511321008205414,3.9917616844177246,0.5027624368667603,1.0]", "fov": 35.5, "aspect": 1, "properties": "[[\"FOV\",35.5],[\"NAME\",\"Camera 99\"],[\"TIME\",0.49748743718592964]]"}, {"matrix": "[-1.0000001192092896,-2.0821944417548366e-06,-2.8421712818535796e-14,0.0,2.586212417554634e-07,-0.12420612573623657,0.9922565817832947,0.0,-2.0660706923081307e-06,0.9922565817832947,0.12420611828565598,0.0,-8.328596777573694e-06,3.9999136924743652,0.5006908178329468,1.0]", "fov": 35.5, "aspect": 1, "properties": "[[\"FOV\",35.5],[\"NAME\",\"Camera 100\"],[\"TIME\",0.5025125628140703]]"}, {"matrix": "[-0.9980267286300659,-0.06279262900352478,0.0,0.0,0.00778846675530076,-0.12378998100757599,0.992277979850769,0.0,-0.06230773404240608,0.9903198480606079,0.12403474748134613,0.0,-0.25117048621177673,3.9921064376831055,0.5,1.0]", "fov": 35.5, "aspect": 1, "properties": "[[\"FOV\",35.5],[\"NAME\",\"Camera 101\"],[\"TIME\",0.507537688442211]]"}, {"matrix": "[-0.9921146035194397,-0.12533536553382874,0.0,0.0,0.015567416325211525,-0.12322668731212616,0.9922565817832947,0.0,-0.12436481565237045,0.98443204164505,0.12420611828565598,0.0,-0.501330554485321,3.968372106552124,0.5006908178329468,1.0]", "fov": 35.5, "aspect": 1, "properties": "[[\"FOV\",35.5],[\"NAME\",\"Camera 102\"],[\"TIME\",0.5125628140703518]]"}, {"matrix": "[-0.9822870492935181,-0.18738345801830292,-1.862645593320167e-09,0.0,0.023370465263724327,-0.12251085042953491,0.9921920895576477,0.0,-0.1859203428030014,0.9746172428131104,0.1247200220823288,0.0,-0.7494688034057617,3.928807258605957,0.5027624368667603,1.0]", "fov": 35.5, "aspect": 1, "properties": "[[\"FOV\",35.5],[\"NAME\",\"Camera 103\"],[\"TIME\",0.5175879396984925]]"}, {"matrix": "[-0.9685827493667603,-0.24869205057621002,0.0,0.0,0.03122972697019577,-0.12163064628839493,0.9920841455459595,0.0,-0.24672339856624603,0.9609154462814331,0.12557591497898102,0.0,-0.994573712348938,3.8735735416412354,0.5062126517295837,1.0]", "fov": 35.5, "aspect": 1, "properties": "[[\"FOV\",35.5],[\"NAME\",\"Camera 104\"],[\"TIME\",0.5226130653266332]]"}, {"matrix": "[-0.9510559439659119,-0.30901917815208435,0.0,0.0,0.03917522355914116,-0.12056801468133926,0.9919318556785583,0.0,-0.30652594566345215,0.9433826804161072,0.12677282094955444,0.0,-1.2356452941894531,3.80289626121521,0.5110374689102173,1.0]", "fov": 35.5, "aspect": 1, "properties": "[[\"FOV\",35.5],[\"NAME\",\"Camera 105\"],[\"TIME\",0.5276381909547738]]"}, {"matrix": "[-0.9297758340835571,-0.36812666058540344,3.725291186640334e-09,0.0,0.047234103083610535,-0.11929894238710403,0.9917341470718384,0.0,-0.365083783864975,0.9220904111862183,0.12830939888954163,0.0,-1.4716997146606445,3.71706485748291,0.51723164319